2	2	2	2	2	2	2	2	2	2	1	1	1	1	1	1	1	1	1	1
2	1.9	1.9	2	2	1.9	2	2	1.9	2	1.71	1	1	1	1	1	1.71	1	1	1
2	1.9	1.9	1.9	1.9	1.9	2	2	1.9	2	1.71	1	1	1	1	1	1.71	1	1	1
1.9	1.9	1.9	1.9	1.9	1.9	1.9	1.9	1.9	2	1.71	1	1	1.71	1	1	1.71	1	1.71	1
1.9	1.9	1.9	1.9	1.9	1.9	1.9	1.9	1.9	1.9	1.71	1	1.71	1.71	1	1	1.71	1	1.71	1
1.9	1.9	1.9	1.9	1.9	1.9	1.9	1.9	1.9	1.9	1.71	1	1.71	1.71	1	1	1.71	1	1.71	1
1.9	1.9	1.9	1.9	1.9	1.9	1.9	1.9	1.9	1.9	1.71	1	1.71	1.71	1	1	1.71	1	1.71	1.71
1.9	1.9	1.9	1.9	1.9	1.9	1.9	1.9	1.9	1.9	1.71	1	1.71	1.71	1	1	1.71	1	1.71	1.71
1.9	1.9	1.9	1.9	1.9	1.9	1.9	1.9	1.9	1.9	1.71	1	1.71	1.71	1	1	1.71	1	1.71	1.71
1.9	1.9	1.9	1.9	1.9	1.9	1.9	1.9	1.9	1.9	1.71	1.71	1.71	1.71	1	1	1.71	1.71	1.71	1.71
1.9	1.9	1.9	1.9	1.9	1.9	1.9	1.9	1.9	1.9	1.71	1.71	1.71	1.71	1	1	1.71	1.71	1.71	1.71
1.9	1.9	1.9	1.9	1.9	1.9	1.9	1.9	1.9	1.9	1.71	1.71	1.71	1.71	1.71	1	1.71	1.71	1.71	1.71
1.9	1.9	1.9	1.9	1.9	1.68	1.9	1.9	1.9	1.9	1.71	1.71	1.71	1.71	1.71	1	1.71	5.36	1.71	1.71
1.9	1.9	1.9	1.9	1.9	1.54	1.9	1.9	1.9	1.9	1.71	1.71	1.71	1.71	1.71	1	1.71	5.36	1.71	1.71
1.9	1.9	1.9	1.9	1.9	1.45	1.9	1.9	3.93	1.9	1.71	1.71	1.71	1.71	1.71	1	1.71	5.36	1.71	1.71
1.9	1.9	1.9	1.9	1.9	1.45	1.9	1.9	3.93	1.9	1.71	1.71	1.71	1.71	1.71	1	1.71	5.36	1.71	1.71
1.9	1.9	1.9	1.9	1.9	1.45	1.9	1.9	3.34	1.9	1.71	1.71	1.71	1.71	1.71	1	1.71	5.36	1.71	1.71
1.9	1.9	1.9	1.9	1.9	1.39	1.9	1.9	2.95	1.9	1.71	1.71	1.71	1.71	1.71	1	1.71	5.36	1.71	1.71
1.9	1.9	1.9	1.9	1.9	1.39	1.9	1.9	2.67	1.9	1.71	1.71	1.71	1.71	1.71	0.9	1.71	5.36	1.71	1.71
1.9	1.9	1.9	1.9	1.9	1.39	1.9	1.9	2.46	1.9	1.71	1.71	1.71	1.71	1.71	0.9	1.71	5.36	1.71	1.71
1.9	1.9	1.9	1.9	1.9	1.39	1.9	1.9	2.46	1.9	1.71	1.71	1.71	1.71	1.71	0.9	1.71	5.36	1.71	1.71
1.9	1.9	1.9	1.9	1.9	1.39	1.9	1.9	2.46	1.9	1.71	1.71	1.71	1.71	1.71	0.9	1.71	5.36	1.71	1.71
1.9	1.9	1.9	1.9	1.9	1.34	1.75	1.9	2.3	1.9	1.71	1.71	1.71	1.71	1.71	0.9	1.71	5.36	1.71	1.71
1.9	1.9	1.9	1.9	1.9	1.3	1.75	1.9	2.3	1.9	1.71	1.71	1.71	1.71	1.71	0.9	1.71	5.36	1.71	1.71
1.9	1.9	1.9	1.9	1.9	1.27	1.64	1.9	2.3	1.9	1.71	1.71	1.71	1.71	1.71	0.9	1.71	5.36	1.71	1.71
1.9	1.9	1.9	1.9	1.77	1.27	1.64	1.9	2.17	1.9	1.71	1.71	1.71	1.71	1.71	0.9	1.71	5.36	1.71	1.71
1.9	1.9	1.9	1.9	1.77	1.25	1.64	1.9	2.17	1.9	1.71	1.71	1.71	1.71	1.71	0.9	1.71	5.36	1.71	1.71
1.9	1.9	1.9	1.9	1.77	1.25	1.64	1.9	2.17	1.9	1.71	1.71	1.71	1.71	1.71	0.9	1.71	5.36	1.71	1.71
1.9	1.9	1.9	1.9	1.68	1.25	1.64	1.9	2.17	1.9	1.71	1.71	1.71	1.71	1.71	0.9	1.37	5.36	1.71	1.71
1.9	1.9	1.9	1.9	1.68	1.25	1.64	1.9	2.17	1.9	1.71	1.71	1.71	1.71	1.71	0.9	1.37	5.36	1.71	1.71
1.9	1.9	1.9	1.9	1.68	1.25	1.64	1.9	2.17	1.9	1.71	1.71	1.71	1.71	1.71	0.9	1.37	5.36	1.71	1.71
1.9	1.9	1.9	1.9	1.68	1.25	1.64	1.9	2.17	1.9	1.71	1.71	1.71	1.71	1.71	0.9	1.37	5.36	1.71	1.71
1.9	1.9	1.9	1.9	1.68	1.23	1.64	1.9	2.06	1.9	1.71	1.71	1.71	1.71	1.71	0.9	1.37	5.36	1.71	1.71
1.9	1.9	1.9	1.9	1.68	1.21	1.64	1.9	1.98	1.9	1.71	1.71	1.71	1.71	1.71	0.9	1.37	5.36	1.71	1.71
1.9	1.9	1.9	1.9	1.68	1.19	1.64	1.9	1.9	1.9	1.71	1.71	1.71	1.71	1.71	0.9	1.37	5.36	1.71	1.71
1.9	1.9	1.9	1.9	1.68	1.19	1.64	1.9	1.84	1.9	1.71	1.71	1.71	1.71	1.71	0.9	1.29	5.36	1.71	1.71
1.9	1.9	1.9	1.9	1.68	1.18	1.64	1.9	1.78	1.9	1.71	1.71	1.71	1.71	1.71	0.9	1.29	5.36	1.71	1.71
1.9	1.9	1.9	1.9	1.68	1.17	1.56	1.9	1.73	1.9	1.71	1.71	1.71	1.71	1.71	0.9	1.29	5.36	1.71	1.71
1.9	1.9	1.9	1.9	1.68	1.17	1.56	1.9	1.73	1.9	1.71	1.71	1.71	1.71	1.71	0.9	1.23	5.36	1.71	1.71
1.9	1.9	1.9	1.9	1.68	1.17	1.56	1.9	1.73	1.9	1.71	1.71	1.71	1.71	1.71	0.9	1.23	5.36	1.71	1.71
1.9	1.9	1.9	1.9	1.68	1.16	1.5	1.9	1.69	1.9	1.71	1.71	1.71	1.71	1.71	0.9	1.23	5.36	1.71	1.71
1.9	1.9	1.9	1.9	1.68	1.16	1.5	1.9	1.69	1.9	1.71	1.71	1.71	1.71	1.71	0.9	1.23	5.36	1.71	1.71
1.9	1.9	1.9	1.9	1.68	1.16	1.5	1.9	1.69	1.9	1.71	1.71	1.71	1.71	1.71	0.9	1.23	5.36	1.71	1.71
1.9	1.9	1.9	1.9	1.68	1.15	1.45	1.9	1.69	1.9	1.71	1.71	1.71	1.71	1.71	0.9	1.23	5.36	1.71	1.71
1.9	1.9	1.9	1.9	1.68	1.14	1.41	1.9	1.69	1.9	1.71	1.71	1.71	1.71	1.71	0.9	1.23	5.36	1.71	1.71
1.9	1.9	1.9	1.9	1.68	1.14	1.38	1.9	1.69	1.9	1.71	1.71	1.71	1.71	1.71	0.9	1.23	5.36	1.71	1.71
1.9	1.9	1.9	1.9	1.79	1.14	1.38	1.9	1.69	1.9	1.71	1.71	1.71	1.71	1.71	0.9	1.23	5.36	1.71	1.71
1.9	1.9	1.9	1.9	1.79	1.14	1.35	1.9	1.69	1.9	1.71	1.71	1.71	1.71	1.71	0.9	1.23	5.36	1.71	1.71
1.9	1.9	1.9	1.9	1.79	1.14	1.35	1.9	1.69	1.9	1.71	1.71	1.71	1.71	1.71	0.9	1.23	5.36	1.71	1.71
1.9	1.9	1.9	1.9	1.8	1.13	1.32	1.9	1.69	1.9	1.71	1.71	1.71	1.71	1.71	0.9	1.23	5.36	1.71	1.71
1.9	1.9	1.9	1.9	1.8	1.12	1.3	1.9	1.69	1.9	1.71	1.71	1.71	1.71	1.71	0.9	1.23	5.36	1.71	1.71
1.9	1.9	1.9	1.9	1.8	1.12	1.3	1.9	1.69	1.9	1.71	1.71	1.71	1.71	1.71	0.9	1.23	5.36	1.71	1.71
1.9	1.9	1.9	1.9	1.81	1.12	1.3	1.9	1.69	1.9	1.71	1.71	1.71	1.71	1.71	0.9	1.23	5.36	1.71	1.71
1.9	1.9	1.9	1.9	1.82	1.12	1.3	1.9	1.69	1.9	1.71	1.71	1.71	1.71	1.71	0.9	1.23	5.36	1.71	1.71
1.9	1.9	1.9	1.9	1.82	1.12	1.28	1.9	1.69	1.9	1.71	1.71	1.71	1.71	1.71	0.9	1.23	5.36	1.71	1.71
1.9	1.9	1.9	1.9	1.82	1.12	1.26	1.9	1.69	1.9	1.71	1.71	1.71	1.71	1.71	0.9	1.23	5.36	1.71	1.71
1.9	1.9	1.9	1.9	1.82	1.11	1.26	1.9	1.69	1.9	1.71	1.71	1.71	1.71	1.71	0.9	1.23	5.36	1.71	2.17
1.9	1.9	1.9	1.9	1.82	1.11	1.26	1.9	1.69	1.9	1.71	1.71	1.71	1.71	1.71	0.9	1.23	5.36	1.71	2.17
1.9	1.9	1.9	1.9	1.82	1.11	1.25	1.9	1.69	1.9	1.71	1.71	1.71	1.71	1.71	0.9	1.23	5.36	1.71	2.17
1.9	1.9	1.9	1.9	1.82	1.11	1.25	1.9	1.69	1.9	1.71	1.71	1.71	1.71	1.71	0.9	1.23	5.36	1.71	2.17
1.9	1.9	1.9	1.9	1.82	1.11	1.24	1.9	1.69	1.9	1.71	1.71	1.71	1.71	1.71	0.9	1.23	5.36	1.71	2.17
1.9	1.9	1.9	1.9	1.82	1.11	1.23	1.9	1.69	1.9	1.71	1.71	1.71	1.71	1.71	0.9	1.23	5.36	1.71	2.17
1.9	1.9	1.9	1.9	1.82	1.11	1.23	1.9	1.69	1.9	1.71	1.71	1.71	1.71	1.71	0.9	1.23	5.36	1.71	2.17
1.9	1.9	1.9	1.9	1.83	1.1	1.23	1.9	1.69	1.9	1.71	1.71	1.71	1.71	1.71	0.9	1.23	5.36	1.71	2.17
1.9	1.9	1.9	1.9	1.83	1.1	1.23	1.9	1.69	1.9	1.71	1.71	1.71	1.71	1.71	0.9	1.23	5.36	1.71	2.17
1.9	1.9	1.9	1.9	1.83	1.1	1.23	1.9	1.69	1.9	1.71	1.71	1.71	1.71	1.71	0.9	1.23	5.36	1.71	2.17
1.9	1.9	1.9	1.9	1.83	1.1	1.23	1.9	1.69	1.9	1.71	2.44	1.71	1.71	1.71	0.9	1.23	5.36	1.71	2.17
1.9	1.9	1.9	1.9	1.83	1.1	1.23	1.9	1.69	1.9	1.71	2.44	1.71	1.71	1.71	0.9	1.23	5.36	1.71	2.17
1.9	1.9	1.9	1.9	1.83	1.09	1.23	1.9	1.69	1.9	1.71	2.22	1.71	1.71	1.71	0.9	1.23	5.36	1.71	2.17
1.9	1.9	1.9	1.9	1.84	1.09	1.23	1.9	1.69	1.9	1.71	2.03	1.71	1.71	1.71	0.9	1.23	5.36	1.71	2.17
1.9	1.9	1.9	1.9	1.84	1.09	1.23	1.9	1.69	1.9	1.71	1.88	1.71	1.71	1.71	0.9	1.23	5.36	1.43	2.17
1.9	1.9	1.9	1.9	1.84	1.09	1.23	1.9	1.7	1.9	1.71	1.88	1.71	1.71	1.71	0.9	1.23	5.36	1.43	2.17
1.9	1.9	1.9	1.9	1.85	1.09	1.23	1.9	1.7	1.9	1.71	1.86	1.71	1.71	1.71	0.9	1.23	5.36	1.43	2.17
1.9	1.9	1.9	1.9	1.85	1.08	1.23	1.9	1.71	1.9	1.71	1.86	1.71	1.71	1.71	0.9	1.23	5.36	1.43	2.17
1.9	1.9	1.9	1.9	1.85	1.08	1.23	1.9	1.72	1.9	1.71	1.85	1.71	1.71	1.71	0.9	1.23	5.36	1.43	2.17
1.9	1.9	1.9	1.9	1.85	1.08	1.23	1.9	1.72	1.9	1.71	1.85	1.71	1.71	1.71	0.9	1.23	5.36	1.43	2.17
1.9	1.9	1.9	1.9	1.85	1.08	1.23	1.9	1.72	1.9	1.71	1.85	1.71	1.71	1.71	0.9	1.23	5.36	1.43	2.17
1.9	1.9	1.9	1.9	1.85	1.08	1.23	1.9	1.73	1.9	1.71	1.85	1.71	1.71	1.71	0.9	1.23	5.36	1.43	2.17
1.9	1.9	1.9	1.9	1.85	1.08	1.23	1.9	1.73	1.9	1.71	1.85	1.71	1.71	1.71	0.9	1.23	5.36	1.47	2.17
1.9	1.9	1.9	1.9	1.85	1.08	1.23	1.9	1.73	1.9	1.71	1.85	1.71	1.71	1.71	0.9	1.23	5.36	1.47	2.17
1.9	1.9	1.9	1.9	1.85	1.08	1.23	1.9	1.73	1.9	1.71	1.85	1.71	1.71	1.71	0.9	1.23	5.36	1.47	2.17
1.9	1.9	1.9	1.9	1.85	1.08	1.23	1.9	1.73	1.9	1.71	1.85	1.71	1.71	1.71	0.9	1.23	5.36	1.5	2.17
1.9	1.9	1.9	1.9	1.85	1.08	1.23	1.9	1.73	1.9	1.71	1.85	1.71	1.71	1.71	0.9	1.23	5.36	1.52	2.17
1.9	1.9	1.9	1.9	1.85	1.08	1.23	1.9	1.73	1.9	1.71	1.85	1.71	1.71	1.71	0.9	1.23	5.36	1.52	2.17
1.9	1.9	1.9	1.9	1.85	1.08	1.23	1.9	1.73	1.9	1.71	1.85	1.71	1.71	1.71	0.9	1.23	5.36	1.52	2.17
1.9	1.9	1.9	1.9	1.85	1.07	1.23	1.9	1.73	1.9	1.71	1.85	1.71	1.71	1.71	0.9	1.23	5.36	1.52	2.17
1.9	1.9	1.9	1.9	1.85	1.07	1.23	1.9	1.73	1.9	1.71	1.85	1.71	1.71	1.71	0.9	1.23	5.36	1.52	2.17
1.9	1.9	1.9	1.9	1.86	1.07	1.23	1.9	1.7	1.9	1.71	1.85	1.71	1.71	1.71	0.9	1.23	5.36	1.52	2.17
1.9	1.9	1.9	1.9	1.86	1.07	1.23	1.9	1.7	1.9	1.71	1.85	1.71	1.71	1.71	0.9	1.23	5.36	1.52	2.17
1.9	1.9	1.9	1.9	1.86	1.07	1.23	1.9	1.7	1.9	1.71	1.85	1.71	1.71	1.71	0.9	1.23	5.36	1.52	2.17
1.9	1.9	1.9	1.9	1.86	1.07	1.23	1.9	1.7	1.9	1.71	1.84	1.71	1.71	1.71	0.9	1.23	5.36	1.52	2.17
1.9	1.9	1.9	1.9	1.86	1.06	1.23	1.9	1.7	1.9	1.71	1.83	1.71	1.71	1.71	0.9	1.23	5.36	1.52	2.17
1.9	1.9	1.9	1.9	1.86	1.06	1.23	1.9	1.67	1.9	1.71	1.83	1.71	1.71	1.71	0.9	1.23	5.36	1.52	2.17
1.9	1.9	1.9	1.9	1.86	1.06	1.23	1.9	1.67	1.9	1.71	1.82	1.71	1.71	1.71	0.9	1.23	5.36	1.52	2.17
1.9	1.9	1.9	1.9	1.86	1.06	1.23	1.9	1.67	1.9	1.71	1.82	1.71	1.71	1.71	0.9	1.23	5.36	1.52	2.17
1.9	1.9	1.9	1.9	1.86	1.06	1.23	1.9	1.67	1.9	1.71	1.82	1.71	1.71	1.71	0.9	1.23	5.36	1.52	2.17
1.9	1.9	1.9	1.9	1.86	1.06	1.23	1.9	1.67	1.9	1.71	1.82	1.71	1.71	1.71	0.9	1.23	5.36	1.52	2.17
1.9	1.9	1.9	1.9	1.86	1.06	1.23	1.9	1.64	1.9	1.71	1.82	1.71	1.71	1.71	0.9	1.23	5.36	1.52	2.17
1.9	1.9	1.9	1.9	1.86	1.06	1.23	1.9	1.64	1.9	1.71	1.82	1.71	1.71	1.71	0.9	1.23	5.36	1.52	2.17
1.9	1.9	1.9	1.9	1.86	1.06	1.23	1.9	1.61	1.94	1.71	1.82	1.71	1.71	1.71	0.9	1.23	5.36	1.52	2.17
1.9	1.9	1.9	1.9	1.86	1.06	1.23	1.9	1.59	1.94	1.71	1.82	1.71	1.71	1.71	0.9	1.23	5.36	1.52	2.17
1.9	1.9	1.9	1.9	1.86	1.06	1.23	1.9	1.59	1.94	1.71	1.82	1.71	1.71	1.71	0.9	1.23	5.36	1.52	2.17
1.9	1.9	1.9	1.9	1.86	1.06	1.23	1.9	1.57	1.94	1.71	1.82	1.71	1.71	1.71	0.9	1.23	5.36	1.52	2.17
1.9	1.9	1.9	1.9	1.86	1.06	1.23	1.9	1.55	1.94	1.71	1.82	1.71	1.71	1.71	0.9	1.23	5.36	1.52	2.17
1.9	1.9	1.9	1.9	1.86	1.06	1.23	1.9	1.55	1.94	1.71	1.82	1.71	1.71	1.71	0.9	1.23	5.36	1.52	2.17
1.9	1.9	1.9	1.9	1.86	1.06	1.23	1.9	1.53	1.97	1.71	1.82	1.71	1.71	1.71	0.9	1.23	5.36	1.52	2.17
1.9	1.9	1.9	1.9	1.86	1.06	1.23	1.9	1.53	1.97	1.71	1.82	1.71	1.71	1.71	0.9	1.23	5.36	1.52	2.17
1.9	1.9	1.9	1.9	1.86	1.06	1.23	1.9	1.53	1.97	1.71	1.82	1.71	1.71	1.71	0.9	1.23	5.36	1.52	2.17
1.9	1.9	1.9	1.9	1.86	1.06	1.23	1.9	1.51	1.97	1.71	1.82	1.71	1.71	1.71	0.9	1.23	5.36	1.52	2.17
1.9	1.9	1.9	1.9	1.86	1.06	1.23	1.9	1.51	1.97	1.71	1.82	1.71	1.71	1.71	0.9	1.23	5.36	1.52	2.17
1.9	1.9	1.9	1.9	1.86	1.06	1.23	1.9	1.51	1.97	1.71	1.82	1.71	1.71	1.71	0.9	1.23	5.36	1.52	2.17
1.9	1.9	1.9	1.9	1.87	1.06	1.23	1.9	1.51	1.97	1.71	1.81	1.71	1.71	1.71	0.9	1.23	5.36	1.52	2.17
1.9	1.9	1.9	1.9	1.87	1.06	1.23	1.9	1.51	1.97	1.71	1.81	1.71	1.71	1.71	0.9	1.23	5.36	1.52	2.17
1.9	1.9	1.9	1.9	1.87	1.05	1.23	1.9	1.51	1.97	1.71	1.81	1.71	1.71	1.71	0.9	1.23	5.36	1.52	2.17
1.9	1.9	1.9	1.9	1.87	1.05	1.23	1.9	1.51	1.97	1.71	1.81	1.71	1.71	1.71	0.9	1.23	5.36	1.52	2.17
1.9	1.9	1.9	1.9	1.87	1.05	1.23	1.9	1.51	1.97	1.71	1.81	1.71	1.71	1.71	0.9	1.23	5.36	1.52	2.17
1.9	1.9	1.9	1.9	1.87	1.05	1.23	1.9	1.51	1.97	1.71	1.81	1.71	1.71	1.71	0.9	1.23	5.36	1.52	2.17
1.9	1.9	1.9	1.9	1.87	1.05	1.23	1.9	1.51	1.97	1.71	1.81	1.71	1.71	1.71	0.9	1.23	5.36	1.52	2.17
1.9	1.9	1.9	1.9	1.87	1.05	1.23	1.9	1.51	1.97	1.71	1.81	1.71	1.71	1.71	0.9	1.23	5.36	1.52	2.17
1.9	1.9	1.9	1.9	1.87	1.05	1.23	1.9	1.51	1.97	1.71	1.81	1.71	1.71	1.71	0.9	1.23	5.36	1.52	2.17
1.9	1.9	1.9	1.9	1.87	1.05	1.23	1.9	1.51	1.97	1.71	1.81	1.71	1.71	1.71	0.9	1.23	5.36	1.52	2.17
1.9	1.9	1.9	1.9	1.87	1.05	1.23	1.9	1.51	1.97	1.71	1.81	1.71	1.71	1.71	0.9	1.23	5.36	1.52	2.17
1.9	1.9	1.9	1.9	1.87	1.05	1.23	1.9	1.51	1.97	1.71	1.8	1.71	1.71	1.71	0.9	1.23	5.36	1.52	2.17
1.9	1.9	1.9	1.9	1.87	1.05	1.23	1.9	1.51	1.97	1.71	1.8	1.71	1.71	1.71	0.9	1.23	5.36	1.52	2.17
1.9	1.9	1.9	1.9	1.87	1.05	1.23	1.9	1.51	1.97	1.71	1.8	1.71	1.71	1.71	0.9	1.23	5.36	1.52	2.17
1.9	1.9	1.9	1.9	1.87	1.05	1.23	1.9	1.51	1.97	1.71	1.8	1.71	1.71	1.71	0.9	1.23	5.36	1.52	2.17
1.9	1.9	2.1	1.9	1.87	1.05	1.23	1.9	1.51	1.97	1.71	1.8	1.71	1.71	1.71	0.9	1.23	5.36	1.52	2.17
1.9	1.9	2.1	1.9	1.87	1.05	1.23	1.9	1.51	1.97	1.71	1.8	1.71	1.71	1.71	0.9	1.23	5.36	1.52	2.17
1.9	1.9	2.1	1.9	1.87	1.05	1.23	1.9	1.51	1.97	1.71	1.8	1.71	1.71	1.71	0.9	1.23	5.36	1.52	2.17
1.9	1.9	2.29	1.9	1.87	1.05	1.23	1.9	1.51	1.97	1.71	1.8	1.71	1.71	1.71	0.9	1.23	3.57	1.52	2.17
1.9	1.9	2.29	1.9	1.87	1.05	1.23	1.9	1.51	1.97	1.71	1.8	1.71	1.71	1.71	0.9	1.23	3.57	1.52	2.17
1.9	1.9	2.29	1.9	1.87	1.05	1.23	1.9	1.51	1.97	1.71	1.8	1.71	1.71	1.71	0.9	1.23	3.57	1.52	2.17
1.9	1.9	2.29	1.9	1.87	1.05	1.23	1.9	1.51	1.97	1.71	1.8	1.71	1.71	1.71	0.9	1.23	3.57	1.52	2.17
1.9	1.9	2.29	1.9	1.87	1.05	1.23	1.9	1.51	1.97	1.71	1.8	1.71	1.71	1.71	0.9	1.23	3.57	1.52	2.17
1.9	1.9	2.29	1.9	1.87	1.05	1.23	1.9	1.51	1.97	1.71	1.79	1.71	1.71	1.71	0.9	1.23	3.57	1.52	2.17
1.9	1.9	2.29	1.9	1.87	1.05	1.23	1.9	1.51	1.97	1.71	1.79	1.71	1.71	1.71	0.9	1.23	3.57	1.37	2.17
1.9	1.9	2.29	1.9	1.87	1.04	1.23	1.9	1.51	1.97	1.71	1.79	1.71	1.71	1.71	0.9	1.23	3.57	1.37	2.17
1.9	1.9	2.29	1.9	1.87	1.04	1.23	1.9	1.51	1.97	1.71	1.79	1.71	1.71	1.71	0.9	1.23	3.57	1.37	2.17
1.9	1.9	2.26	1.9	1.87	1.04	1.23	1.9	1.51	1.97	1.71	1.79	1.71	1.71	1.71	0.9	1.23	3.57	1.37	2.17
1.9	1.9	2.23	1.9	1.87	1.04	1.23	1.9	1.49	1.97	1.71	1.79	1.71	1.71	1.71	0.9	1.23	3.57	1.37	2.17
1.9	1.9	2.23	1.9	1.87	1.04	1.23	1.9	1.49	1.97	1.71	1.79	1.71	1.71	1.71	0.9	1.23	2.68	1.37	2.17
1.9	1.9	2.23	1.9	1.87	1.04	1.23	1.9	1.49	1.97	1.71	1.79	1.71	1.71	1.71	0.9	1.23	2.68	1.37	2.17
1.9	1.9	2.23	1.9	1.87	1.04	1.23	1.9	1.48	1.97	1.71	1.79	1.71	1.71	1.71	0.9	1.23	2.68	1.37	2.17
1.9	1.9	2.2	1.9	1.87	1.04	1.23	1.9	1.48	1.97	1.71	1.79	1.71	1.71	1.71	0.9	1.23	2.68	1.37	2.17
1.9	1.9	2.2	1.9	1.88	1.04	1.23	1.9	1.46	1.97	1.71	1.79	1.71	1.71	1.71	0.9	1.23	2.68	1.37	2.17
1.9	1.9	2.2	1.9	1.88	1.04	1.23	1.9	1.46	1.97	1.71	1.79	1.71	1.71	1.71	0.9	1.23	2.68	1.37	2.17
1.9	1.9	2.2	1.9	1.88	1.04	1.23	1.9	1.46	1.97	1.71	1.78	1.71	1.71	1.71	0.9	1.23	2.68	1.37	2.17
1.9	1.9	2.2	1.9	1.88	1.04	1.23	1.9	1.46	1.97	1.71	1.78	1.71	1.71	1.71	0.9	1.23	2.68	1.37	2.17
1.9	1.9	2.17	1.9	1.88	1.04	1.23	1.9	1.45	1.97	1.71	1.78	1.71	1.71	1.71	0.9	1.23	2.68	1.37	2.17
1.9	1.9	2.15	1.9	1.88	1.04	1.23	1.9	1.45	1.97	1.71	1.78	1.71	1.71	1.71	0.9	1.23	2.68	1.37	2.17
1.9	1.9	2.13	1.9	1.88	1.04	1.23	1.9	1.45	1.97	1.71	1.78	1.71	1.71	1.71	0.9	1.23	2.68	1.37	2.17
1.9	1.9	2.13	1.9	1.88	1.04	1.23	1.9	1.45	1.97	1.71	1.78	1.71	1.71	1.71	0.9	1.23	2.68	1.37	2.17
1.9	1.9	2.1	1.9	1.88	1.04	1.23	1.9	1.45	1.97	1.71	1.78	1.71	1.71	1.71	0.9	1.23	2.68	1.37	2.17
1.9	1.9	2.1	1.9	1.88	1.04	1.23	1.9	1.44	1.97	1.71	1.78	1.71	1.71	1.71	0.9	1.23	2.68	1.37	2.17
1.9	1.9	2.1	1.9	1.88	1.04	1.23	1.9	1.44	1.97	1.71	1.78	1.71	1.71	1.71	0.9	1.23	2.68	1.37	2.17
1.9	1.9	2.08	1.9	1.88	1.04	1.23	1.9	1.43	1.97	1.71	1.78	1.71	1.71	1.71	0.9	1.23	2.68	1.37	2.17
1.9	1.9	2.08	1.9	1.88	1.04	1.23	2.17	1.43	1.97	1.71	1.78	1.71	1.71	1.71	0.9	1.23	2.68	1.37	2.17
1.9	1.9	2.08	1.9	1.88	1.04	1.23	2.17	1.41	1.97	1.71	1.78	1.71	1.71	1.71	0.9	1.23	2.68	1.37	2.17
1.9	1.9	2.08	1.9	1.88	1.04	1.23	2.17	1.41	1.97	1.71	1.78	1.71	1.71	1.71	0.9	1.23	2.68	1.37	2.17
1.9	1.9	2.08	1.9	1.88	1.04	1.23	2.17	1.4	1.97	1.71	1.78	1.71	1.71	1.71	0.9	1.23	2.68	1.37	2.17
1.9	1.9	2.06	1.9	1.88	1.04	1.23	2.17	1.39	1.97	1.71	1.78	1.71	1.71	1.71	0.9	1.23	2.68	1.37	2.17
1.9	1.9	2.04	1.9	1.88	1.04	1.23	2.17	1.39	1.97	1.71	1.78	1.71	1.71	1.71	0.9	1.23	2.68	1.37	2.17
1.9	1.9	2.02	1.9	1.88	1.04	1.23	2.17	1.39	1.97	1.71	1.78	1.71	1.71	1.71	0.9	1.23	2.68	1.37	2.17
1.9	1.9	2.02	1.9	1.88	1.04	1.23	2.17	1.39	1.97	1.71	1.78	1.71	1.71	1.71	0.9	1.23	2.68	1.37	2.17
1.9	1.9	2	1.9	1.88	1.04	1.23	2.17	1.38	1.97	1.71	1.78	1.71	1.71	1.71	0.9	1.23	2.14	1.37	2.17
1.9	1.9	2	1.9	1.88	1.04	1.23	4.13	1.38	1.97	1.71	1.78	1.71	1.71	1.71	0.9	1.23	2.14	1.37	2.17
1.9	1.9	1.98	1.9	1.88	1.04	1.23	4.13	1.38	1.97	1.71	1.78	1.71	1.71	1.71	0.9	1.23	2.14	1.37	2.17
1.9	1.9	1.98	1.9	1.88	1.04	1.23	3.68	1.38	1.97	1.71	1.78	1.71	1.71	1.71	0.9	1.23	2.14	1.37	2.17
1.9	1.9	1.98	1.9	1.88	1.04	1.23	3.39	1.37	1.97	1.71	1.78	1.71	1.71	1.71	0.9	1.23	2.14	1.37	2.17
1.9	1.9	1.98	1.9	1.88	1.04	1.23	3.39	1.37	1.97	1.71	1.78	1.71	1.71	1.71	0.9	1.23	2.14	1.37	2.17
1.9	1.9	1.98	1.9	1.88	1.04	1.23	3.17	1.36	1.97	1.71	1.78	1.71	1.71	1.71	0.9	1.23	2.14	1.37	2.17
1.9	1.9	1.96	1.9	1.88	1.04	1.23	3.17	1.36	1.97	1.71	1.77	1.71	1.71	1.71	0.9	1.23	2.07	1.37	2.17
1.9	1.9	1.96	1.9	1.88	1.03	1.23	3.17	1.36	1.97	1.71	1.77	1.71	1.71	1.71	0.9	1.23	2.02	1.37	2.17
1.9	1.9	1.96	1.9	1.88	1.03	1.23	3.17	1.36	1.97	1.71	1.77	1.71	1.71	1.71	0.9	1.23	2.02	1.37	2.17
1.9	1.9	1.95	1.9	1.88	1.03	1.23	3.01	1.36	1.97	1.71	1.77	1.71	1.71	1.71	0.9	1.23	2.02	1.37	2.17
1.9	1.9	1.93	1.9	1.88	1.03	1.23	3.01	1.36	1.97	1.71	1.77	1.71	1.71	1.71	0.9	1.23	2.02	1.37	2.17
1.9	1.9	1.92	1.9	1.88	1.03	1.23	2.89	1.36	1.97	1.71	1.77	1.71	1.71	1.71	2.93	1.23	2.02	1.37	2.17
1.9	1.9	1.92	1.9	1.88	1.03	1.23	2.89	1.36	1.97	1.71	1.77	1.71	1.71	1.71	2.93	1.23	2.02	1.37	2.17
1.9	1.9	1.92	1.9	1.88	1.03	1.23	2.89	1.36	1.97	1.71	1.77	1.71	1.71	1.91	2.93	1.23	2.02	1.37	2.17
1.9	1.9	1.92	1.9	1.88	1.03	1.23	2.79	1.36	1.97	1.71	1.77	1.71	1.71	1.91	2.93	1.23	2.02	1.37	2.17
1.9	1.9	1.92	1.9	1.88	1.03	1.23	2.71	1.36	1.97	1.71	1.77	1.71	1.71	1.91	2.93	1.23	2.02	1.37	2.17
1.9	1.9	1.9	1.9	1.88	1.03	1.23	2.71	1.36	1.97	1.71	1.77	1.71	1.71	1.91	2.93	1.23	1.98	1.37	2.17
1.9	1.9	1.9	1.9	1.88	1.03	1.23	2.71	1.36	1.97	1.71	1.77	1.71	1.71	1.91	2.93	1.23	1.98	1.37	2.17
1.89	1.9	1.89	1.9	1.88	1.03	1.23	2.71	1.36	1.97	1.71	1.77	1.71	1.71	1.91	2.93	1.23	1.98	1.37	2.17
1.87	1.9	1.89	1.9	1.88	1.03	1.23	2.64	1.36	1.97	1.71	1.77	1.71	1.71	1.86	2.93	1.23	1.98	1.37	2.17
1.87	1.9	1.89	1.9	1.88	1.03	1.23	2.59	1.36	1.97	1.71	1.77	1.71	1.71	1.86	2.93	1.23	1.98	1.37	2.17
1.87	1.9	1.89	1.9	1.88	1.03	1.23	2.59	1.36	1.97	1.71	1.77	1.71	1.71	1.86	2.93	1.23	1.98	1.37	2.17
1.87	1.9	1.89	1.9	1.88	1.03	1.23	2.59	1.36	1.97	1.71	1.77	1.71	1.71	1.86	2.93	1.23	1.98	1.37	2.17
1.87	1.9	1.89	1.9	1.88	1.03	1.23	2.59	1.36	1.97	1.71	1.77	1.71	1.71	1.86	2.93	1.23	1.98	1.37	2.17
1.86	1.9	1.87	1.9	1.88	1.03	1.23	2.54	1.36	1.97	1.71	1.77	1.71	1.71	1.86	2.93	1.23	1.98	1.37	2.17
1.85	1.9	1.87	1.9	1.88	1.03	1.23	2.49	1.36	1.97	1.71	1.77	1.71	1.71	1.85	2.93	1.23	1.98	1.37	2.17
1.85	1.9	1.86	1.9	1.88	1.03	1.23	2.46	1.36	1.97	1.71	1.77	1.71	1.71	1.85	2.93	1.23	1.98	1.37	2.17
1.85	1.9	1.86	1.9	1.88	1.06	1.23	2.42	1.36	1.97	1.71	1.77	1.71	1.71	1.85	2.93	1.23	1.98	1.37	2.17
1.85	1.9	1.84	1.9	1.88	1.06	1.23	2.4	1.36	1.97	1.71	1.77	1.71	1.71	1.85	2.93	1.23	1.98	1.37	2.17
1.84	2	1.84	1.9	1.88	1.06	1.23	2.4	1.36	1.97	1.71	1.77	1.71	1.71	1.85	2.34	1.23	1.98	1.37	2.17
1.83	2	1.83	1.9	1.88	1.06	1.23	2.37	1.36	1.97	1.71	1.77	1.71	1.71	1.85	2.34	1.23	1.98	1.37	2.17
1.83	2	1.83	1.9	1.88	1.06	1.23	2.37	1.36	1.97	1.71	1.77	1.67	1.71	1.85	2.34	1.23	1.95	1.37	2.17
1.83	2	1.82	1.9	1.88	1.06	1.23	2.37	1.36	1.97	1.71	1.77	1.67	1.71	1.85	2.34	1.23	1.93	1.37	2.17
1.83	2	1.82	1.9	1.88	1.06	1.23	2.35	1.36	1.97	1.71	1.77	1.67	1.71	1.85	2.34	1.23	1.93	1.37	2.17
1.81	2	1.82	1.9	1.88	1.06	1.23	2.35	1.36	1.97	1.71	1.77	1.67	1.71	1.85	2.34	1.23	1.91	1.37	2.17
1.81	1.99	1.81	1.9	1.88	1.06	1.23	2.32	1.36	1.97	1.71	1.77	1.67	1.71	1.85	2.34	1.23	1.91	1.37	2.17
1.81	1.98	1.79	1.9	1.88	1.06	1.23	2.32	1.36	1.97	1.71	1.77	1.67	1.71	1.85	2.34	1.23	1.91	1.37	2.17
1.81	1.96	1.79	1.9	1.88	1.06	1.23	2.31	1.36	1.97	1.71	1.77	1.67	1.71	1.85	2.34	1.23	1.91	1.37	2.17
1.8	1.96	1.79	1.9	1.88	1.06	1.23	2.29	1.36	1.97	1.71	1.77	1.67	1.71	1.85	2.34	1.23	1.91	1.37	2.17
1.79	1.95	1.78	1.9	1.88	1.06	1.23	2.29	1.36	1.97	1.71	1.77	1.67	1.71	1.85	2.34	1.23	1.91	1.37	2.17
1.79	1.95	1.78	1.9	1.88	1.06	1.23	2.27	1.36	1.97	1.71	1.77	1.67	1.71	1.85	2.34	1.23	1.91	1.37	2.17
1.79	1.94	1.77	1.9	1.88	1.06	1.23	2.27	1.36	1.97	1.71	1.77	1.67	1.71	1.85	2.34	1.23	1.89	1.37	2.17
1.79	1.93	1.76	1.9	1.88	1.06	1.23	2.26	1.36	1.97	1.71	1.77	1.67	1.71	1.85	2.34	1.23	1.89	1.37	2.17
1.79	1.93	1.76	1.9	1.88	1.06	1.23	2.26	1.36	1.97	1.71	1.77	1.67	1.71	1.85	2.34	1.23	1.88	1.37	2.17
1.79	1.93	1.75	1.9	1.88	1.06	1.23	2.24	1.36	1.97	1.71	1.77	1.67	1.71	1.85	2.34	1.23	1.88	1.37	2.17
1.79	1.92	1.75	1.9	1.88	1.06	1.23	2.24	1.36	1.97	1.71	1.77	1.67	1.71	1.85	2.34	1.23	1.88	1.37	2.17
1.79	1.92	1.75	1.9	1.88	1.06	1.23	2.23	1.36	1.97	1.71	1.77	1.67	1.71	1.85	2.34	1.23	1.88	1.37	2.17
1.79	1.92	1.74	1.9	1.88	1.06	1.23	2.23	1.36	1.97	1.71	1.77	1.67	1.71	1.85	2.34	1.08	1.88	1.24	2.17
1.79	1.92	1.73	1.9	1.88	1.06	1.64	2.23	1.36	1.97	1.71	1.77	1.67	1.71	1.85	2.34	1.08	1.88	1.89	2.17
1.78	1.92	1.72	1.9	1.88	1.06	1.64	2.23	1.36	1.97	1.71	1.77	1.67	1.71	1.85	2.34	1.96	1.88	1.89	2.17
1.78	1.92	1.72	1.9	1.88	1.06	1.64	2.22	1.36	1.97	1.71	1.77	1.67	1.71	1.85	2.34	1.96	1.88	1.89	2.17
1.77	1.91	1.72	1.9	1.88	1.06	1.64	2.22	1.36	1.97	1.71	1.77	1.67	1.71	1.85	2.34	1.96	1.86	1.89	2.17
1.77	1.91	1.72	1.9	1.88	1.06	1.64	2.21	1.36	1.97	1.71	1.77	1.67	1.71	1.85	2.34	1.96	1.86	1.89	2.17
1.77	1.91	1.72	1.9	1.88	1.06	1.64	2.2	1.36	1.97	1.71	1.77	1.67	1.71	1.84	2.34	1.96	1.86	1.89	2.17
1.77	1.9	1.71	1.9	1.88	1.06	1.64	2.2	1.36	1.97	1.71	1.77	1.67	1.71	1.84	1.95	1.96	1.86	1.89	2.17
1.76	1.89	1.7	1.9	1.88	1.06	1.64	2.19	1.36	1.97	1.71	1.77	1.67	1.71	1.84	1.95	1.96	1.86	1.89	2.17
1.75	1.88	1.7	1.9	1.88	1.06	1.64	2.19	1.36	1.97	1.71	1.77	1.67	1.71	1.84	1.95	1.96	1.85	1.89	2.17
1.75	1.88	1.69	1.9	1.88	1.06	1.64	2.19	1.36	1.97	1.71	1.77	1.67	1.71	1.84	1.95	1.96	1.85	1.89	2.17
1.74	1.87	1.68	1.9	1.88	1.06	1.64	2.19	1.36	1.97	1.71	1.77	1.67	1.71	1.84	1.95	1.96	1.85	1.89	2.17
1.74	1.86	1.68	1.9	1.89	1.06	1.64	2.19	1.36	1.97	1.71	1.77	1.67	1.71	1.84	1.95	1.96	1.85	1.89	2.17
1.74	1.86	1.68	1.9	1.89	1.06	1.64	2.19	1.36	1.97	1.71	1.77	1.67	1.71	1.84	1.95	1.96	1.85	1.89	2.17
1.74	1.86	1.68	1.9	1.89	1.06	1.64	2.15	1.36	1.97	1.71	1.77	1.67	1.71	1.84	1.95	1.96	1.85	1.89	2.17
1.73	1.86	1.67	1.9	2.01	1.08	1.64	2.15	1.36	2	1.71	1.77	1.67	1.71	1.84	1.95	1.96	1.85	1.89	2.17
1.73	1.86	1.67	1.9	2.01	1.08	1.64	2.15	1.36	2	1.71	1.77	1.67	1.71	1.84	1.95	1.96	1.85	1.89	2.17
1.73	1.86	1.67	1.9	1.99	1.08	1.64	2.15	1.36	2	1.71	1.77	1.67	1.71	1.84	1.95	1.96	1.85	1.89	2.17
1.72	1.85	1.67	1.9	1.99	1.08	1.64	2.15	1.36	2.02	1.71	1.77	1.67	1.71	1.84	1.95	1.96	1.85	1.89	2.17
1.72	1.85	1.67	1.9	1.98	1.08	1.64	2.15	1.36	2.02	1.71	1.77	1.67	1.71	1.84	1.95	1.96	1.85	1.89	2.17
1.72	1.85	1.67	1.9	1.98	1.08	1.64	2.15	1.4	2.02	1.71	1.77	1.67	1.71	1.84	1.67	1.96	1.85	1.89	2.17
1.72	1.84	1.67	1.9	1.98	1.08	1.69	2.15	1.4	2.02	1.71	1.77	1.67	1.71	1.84	1.46	1.96	1.85	1.89	2.17
1.72	1.84	1.67	1.9	1.98	1.08	1.69	2.12	1.4	2.02	1.71	1.77	1.67	1.71	1.84	1.3	1.96	1.85	1.89	2.17
1.71	1.84	1.67	1.9	1.98	1.08	1.69	2.08	1.4	2.02	1.71	1.77	1.67	1.71	1.84	1.17	1.96	1.85	1.89	2.17
1.71	1.84	1.67	1.9	1.98	1.08	1.69	2.08	1.4	2.02	1.71	1.77	1.67	1.71	1.84	1.06	1.96	1.85	1.89	2.17
1.71	1.83	1.67	1.9	1.98	1.08	1.69	2.08	1.4	2.02	1.71	1.77	1.67	1.71	1.84	1.12	1.96	1.85	1.89	2.17
1.71	1.82	1.67	1.9	1.98	1.08	1.69	2.05	1.4	2.02	1.71	1.77	1.67	1.71	1.84	1.03	1.96	1.85	1.89	2.17
1.71	1.82	1.67	1.9	1.98	1.08	1.69	2.02	1.4	2.02	1.71	1.77	1.67	1.71	1.84	1.03	1.96	1.85	1.89	2.17
1.71	1.81	1.68	1.9	1.96	1.08	1.69	2.02	1.4	2.02	1.71	1.77	1.67	1.71	1.84	1.03	1.96	1.85	1.89	2.17
1.71	1.8	1.68	1.9	1.95	1.08	1.74	2.02	1.4	2.02	1.71	1.77	1.67	1.71	1.84	1.03	1.96	1.85	1.89	2.17
1.71	1.8	1.68	1.9	1.94	1.08	1.78	2.02	1.4	2.02	1.71	1.77	1.67	1.71	1.84	1.03	1.96	1.85	1.89	2.17
1.71	1.8	1.67	1.9	1.94	1.19	1.78	1.99	1.4	2.02	1.71	1.77	1.67	1.71	1.84	1.03	1.96	1.85	1.74	2.17
1.71	1.8	1.67	1.9	1.94	1.19	1.78	1.99	1.4	2.02	1.71	1.77	1.67	1.71	1.84	1.6	1.96	1.85	1.62	2.17
1.71	1.8	1.67	1.9	1.92	1.19	1.78	1.99	1.4	2.02	1.71	1.77	1.67	1.71	1.84	1.6	1.96	1.85	1.51	2.17
1.71	1.79	1.67	1.9	1.92	1.19	1.78	1.99	1.4	2.02	1.71	1.77	1.67	1.71	1.84	1.6	1.96	1.85	1.42	2.17
1.71	1.79	1.67	1.9	1.91	1.19	1.78	1.99	1.4	2.02	1.66	1.77	1.67	1.71	1.84	1.6	1.96	1.85	1.33	2.17
1.71	1.79	1.67	1.9	1.9	1.19	1.78	1.99	1.41	2.02	1.66	1.77	1.67	1.71	1.84	1.6	1.96	1.85	1.33	2.17
1.71	1.78	1.67	1.9	1.9	1.19	1.78	1.99	1.41	2.02	1.66	1.77	1.67	1.71	1.84	1.6	1.96	1.85	1.33	2.17
1.7	1.77	1.68	1.9	1.89	1.19	1.78	1.97	1.42	2.02	1.66	1.77	1.67	1.71	1.84	1.6	1.96	1.85	1.33	2.17
1.7	1.77	1.78	1.9	1.89	1.19	1.78	1.94	1.42	2.02	1.66	1.77	1.67	1.71	1.84	1.6	1.96	1.85	1.36	2.17
1.69	1.77	1.78	1.9	1.88	1.19	1.78	1.92	1.42	2.02	1.66	1.77	1.67	1.71	1.84	1.6	1.96	1.85	1.37	2.17
1.68	1.77	1.78	1.9	1.88	1.19	1.78	1.9	1.43	2.02	1.66	1.77	1.67	1.71	1.84	1.6	1.96	1.85	1.37	2.17
1.68	1.77	1.78	1.99	1.86	1.19	1.78	1.88	1.43	2.02	1.66	1.77	1.67	1.71	1.84	1.6	1.76	1.85	1.39	2.17
1.68	1.77	1.78	2.07	1.85	1.21	1.78	1.86	1.43	2.02	1.66	1.77	1.67	1.71	1.84	1.6	2.42	1.85	1.39	2.17
1.68	1.77	1.78	2.07	1.84	1.21	1.78	1.86	1.43	2.02	1.66	1.77	1.67	1.71	1.84	1.6	2.42	1.85	1.39	2.17
1.67	1.77	1.78	2.07	1.84	1.21	1.78	1.86	1.61	2.02	1.66	1.77	1.67	1.71	1.84	1.6	2.42	1.85	1.39	2.17
1.66	1.77	1.78	2.07	1.84	1.21	1.78	1.84	1.61	2.02	1.66	1.77	1.67	1.71	1.84	1.6	2.42	1.85	1.39	2.17
1.66	1.77	1.77	2.06	1.84	1.21	1.78	1.84	1.61	2.02	1.66	1.77	1.67	1.71	1.84	1.6	2.42	1.85	1.39	2.17
1.66	1.77	1.76	2.05	1.84	1.21	1.78	1.84	1.61	2.02	1.66	1.77	1.67	1.71	1.84	1.6	2.42	1.85	1.39	2.17
1.66	1.77	1.76	2.05	1.84	1.21	1.78	1.84	1.61	2.02	1.66	1.77	1.67	1.71	1.84	1.6	2.42	1.85	1.39	2.17
1.66	1.77	1.86	2.05	1.84	1.21	1.81	1.84	1.79	2.02	1.66	1.77	1.67	1.71	1.84	1.6	2.42	1.85	1.39	2.17
1.66	1.77	1.95	2.05	1.84	1.21	1.81	1.84	1.79	2.02	1.66	1.77	1.67	1.71	1.84	1.6	2.42	1.85	1.39	2.17
1.66	1.77	1.95	2.05	1.84	1.21	1.81	1.84	1.95	2.02	1.66	1.77	1.67	1.71	1.84	1.49	2.42	1.85	1.39	2.17
1.66	1.77	1.95	2.05	1.84	1.21	1.81	1.84	1.95	2.02	1.66	1.77	1.67	1.71	1.84	1.49	2.42	1.85	1.39	2.17
1.66	1.77	1.95	2.05	1.84	1.21	1.81	1.84	1.95	2.02	1.66	1.77	1.67	1.71	1.84	1.49	2.42	1.85	1.39	2.17
1.66	1.77	1.95	2.05	1.84	1.21	1.81	1.84	1.95	2.02	1.66	1.77	1.67	1.71	1.84	1.49	2.42	1.85	1.39	2.17
1.66	1.77	1.95	2.05	1.84	1.21	1.81	1.84	1.95	2.02	1.66	1.77	1.68	1.71	1.84	1.49	2.42	1.85	1.39	2.17
1.66	1.77	1.95	2.05	1.84	1.21	1.81	1.84	1.95	2.02	1.66	1.77	1.68	1.71	1.84	1.49	2.42	1.85	1.39	2.17
1.66	1.77	1.95	2.05	1.84	1.21	1.81	1.84	2.11	2.02	1.66	1.77	1.68	1.71	1.84	1.49	2.42	1.85	1.39	2.17
1.66	1.77	1.95	2.04	1.84	1.21	1.81	1.84	2.11	2.02	1.66	1.77	1.68	1.71	1.84	1.49	2.42	1.85	1.39	2.17
1.66	1.77	1.95	2.04	1.84	1.21	1.81	1.84	2.11	2.02	1.66	1.77	1.68	1.71	1.8	1.49	2.42	1.85	1.39	2.17
1.66	1.77	1.95	2.03	1.84	1.21	1.81	1.84	2.11	2.02	1.66	1.77	1.68	1.71	1.96	1.49	2.42	1.85	1.39	2.17
1.66	1.77	1.95	2.02	1.84	1.21	1.81	1.84	2.11	2.02	1.66	1.77	1.68	1.71	1.96	1.49	2.42	1.85	1.39	2.17
1.66	1.77	1.95	2.02	1.84	1.21	1.81	1.84	2.11	2.02	1.66	1.77	1.68	1.71	1.96	1.49	2.42	1.85	1.39	2.17
1.66	1.77	1.95	2.02	1.84	1.21	1.81	1.84	2.11	2.02	1.66	1.77	1.68	1.71	1.96	1.49	2.42	1.85	1.39	2.17
1.66	1.77	1.95	2.02	1.84	1.21	1.81	1.84	2.1	2.02	1.66	1.72	1.68	1.71	1.96	1.49	2.42	1.85	1.39	2.17
1.66	1.77	1.95	2.01	1.85	1.21	1.81	1.84	2.1	2.02	1.66	1.72	1.68	1.71	1.96	1.49	2.42	1.85	1.39	2.17
1.66	1.77	1.95	2.01	1.85	1.21	1.81	1.84	2.1	2.02	1.66	1.72	1.68	1.71	1.96	1.49	2.42	1.85	1.41	2.17
1.66	1.77	1.95	2.01	1.85	1.21	1.81	1.84	2.1	2.02	1.66	1.72	1.68	1.71	1.96	1.49	2.42	1.85	1.41	2.17
1.66	1.77	1.95	2	1.85	1.21	1.81	1.84	2.1	2.02	1.66	1.72	1.68	1.71	1.96	1.49	2.42	1.85	1.41	2.17
1.66	1.77	1.95	2	1.85	1.21	1.81	1.84	2.1	2.02	1.66	1.72	1.68	1.71	1.96	1.49	2.42	1.85	1.42	2.17
1.66	1.77	1.95	2	1.85	1.21	1.81	1.84	2.09	2.02	1.66	1.72	1.68	1.71	1.96	1.49	2.42	1.85	1.42	2.17
1.66	1.77	1.95	2	1.85	1.21	1.81	1.84	2.09	2.02	1.66	1.72	1.68	1.71	1.96	1.49	2.42	1.85	1.42	2.17
1.66	1.77	1.95	2	1.85	1.21	1.81	1.84	2.09	2.02	1.66	1.72	1.68	1.71	1.92	1.49	2.42	1.85	1.42	2.17
1.66	1.77	1.95	2	1.85	1.21	1.81	1.84	2.09	2.02	1.66	1.72	1.68	1.71	1.92	1.49	2.42	1.85	1.42	2.17
1.66	1.84	1.95	2	1.85	1.21	1.81	1.84	2.09	2.02	1.66	1.72	1.68	1.71	1.92	1.49	2.42	1.85	1.42	2.17
1.66	1.84	1.95	2	1.85	1.21	1.81	1.84	2.09	2.02	1.66	1.72	1.68	1.71	1.92	1.49	2.42	1.85	1.42	2.17
1.66	1.83	1.94	2	1.85	1.22	1.81	1.84	2.09	2.02	1.66	1.72	1.68	1.71	1.92	1.49	2.42	1.85	1.43	2.17
1.66	1.83	1.94	2	1.85	1.22	1.81	1.84	2.09	2.02	1.66	1.72	1.68	1.71	1.92	1.49	2.42	1.85	1.43	2.17
1.66	1.83	1.94	1.99	1.85	1.22	1.81	1.84	2.09	2.02	1.66	1.72	1.68	1.71	1.92	1.49	2.42	1.85	1.43	2.17
1.66	1.83	1.94	1.99	1.85	1.22	1.81	1.84	2.09	2.02	1.66	1.72	1.68	1.71	1.92	1.49	2.22	1.85	1.43	2.17
1.66	1.82	1.94	1.99	1.85	1.22	1.81	1.84	2.09	2.02	1.66	1.72	1.68	1.71	1.92	1.49	2.22	1.85	1.43	2.17
1.66	1.82	1.94	1.99	1.85	1.22	1.81	1.84	2.09	2.02	1.62	1.72	1.69	1.71	1.92	1.49	2.22	1.85	1.43	2.17
1.66	1.81	1.94	1.99	1.85	1.22	1.81	1.84	2.08	2.02	1.62	1.72	1.69	1.71	1.92	1.49	2.22	1.85	1.43	2.17
1.66	1.81	1.94	1.99	1.85	1.22	1.81	1.84	2.08	2.02	1.62	1.72	1.69	1.71	1.92	1.49	2.22	1.85	1.43	2.17
1.66	1.81	1.94	1.98	1.86	1.22	1.81	1.84	2.08	2.02	1.62	1.72	1.69	1.71	1.92	1.4	2.22	1.85	1.44	2.17
1.66	1.81	1.94	1.98	1.87	1.22	1.81	1.84	2.08	2.02	1.62	1.72	1.69	1.71	1.92	1.4	2.22	1.85	1.44	2.17
1.66	1.81	1.94	1.97	1.87	1.22	1.81	1.84	2.08	2.02	1.62	1.72	1.69	1.71	1.92	1.4	2.22	1.85	1.44	2.17
1.66	1.81	1.94	1.97	1.87	1.22	1.81	1.84	2.08	2.02	1.62	1.72	1.69	1.71	1.88	1.4	2.22	1.85	1.45	2.17
1.65	1.8	1.94	1.97	1.87	1.22	1.81	1.84	2.08	2.02	1.62	1.72	1.69	1.71	1.88	1.4	2.22	1.85	1.46	2.17
1.64	1.79	1.94	1.96	1.87	1.22	1.81	1.84	2.08	2.02	1.62	1.72	1.69	1.71	1.88	1.4	2.22	1.85	1.46	2.17
1.64	1.78	1.94	1.95	1.87	1.22	1.81	1.84	2.08	2.02	1.62	1.72	1.69	1.71	1.88	1.4	2.22	1.85	1.46	2.17
1.63	1.78	1.94	1.95	1.87	1.22	1.81	1.84	2.08	2.02	1.62	1.72	1.69	1.71	1.88	1.4	2.22	1.85	1.46	2.17
1.63	1.78	1.94	1.95	1.87	1.22	1.81	1.84	2.08	2.02	1.62	1.72	1.69	1.71	1.88	1.4	2.22	1.85	1.46	2.04
1.63	1.78	1.94	1.95	1.87	1.22	1.81	1.84	2.08	2.02	1.62	1.72	1.69	1.71	1.88	1.4	2.22	1.85	1.46	2.04
1.63	1.77	1.94	1.94	1.87	1.22	1.81	1.84	2.08	2.02	1.62	1.72	1.69	1.71	1.88	1.4	2.22	1.85	1.46	2.04
1.63	1.77	1.94	1.93	1.87	1.22	1.81	1.84	2.07	2.02	1.62	1.72	1.69	1.71	1.88	1.32	2.22	1.85	1.46	2.04
1.62	1.76	1.94	1.93	1.87	1.22	1.81	1.84	2.07	2.02	1.62	1.72	1.69	1.71	1.88	1.25	2.22	1.85	1.46	2.04
1.62	1.75	1.94	1.93	1.87	1.22	1.81	1.84	2.07	2.02	1.62	1.72	1.69	1.71	1.88	1.18	2.22	1.85	1.46	2.04
1.62	1.75	1.94	1.93	1.87	1.23	1.81	1.84	2.07	2.02	1.62	1.72	1.69	1.71	1.88	1.18	2.22	1.85	1.46	2.04
1.62	1.75	1.94	1.93	1.87	1.23	1.81	1.84	2.07	2.02	1.62	1.72	1.69	1.71	1.88	1.21	2.22	1.85	1.46	2.04
1.61	1.75	1.94	1.93	1.87	1.23	1.81	1.84	2.07	2.02	1.62	1.72	1.69	1.71	1.88	1.21	2.22	1.85	1.46	2.04
1.61	1.75	1.94	1.93	1.87	1.23	1.81	1.84	2.07	2.02	1.62	1.72	1.69	1.71	1.88	1.21	2.22	1.85	1.46	2.04
1.61	1.75	1.94	1.93	1.87	1.23	1.81	1.84	2.07	2.02	1.62	1.72	1.69	1.71	1.88	1.21	2.22	1.85	1.46	2.04
1.61	1.75	1.94	1.93	1.87	1.23	1.81	1.84	2.07	2.02	1.62	1.72	1.69	1.71	1.88	1.21	2.22	1.85	1.46	2.04
1.61	1.75	1.94	1.93	1.87	1.23	1.81	1.84	2.07	2.02	1.62	1.72	1.69	1.71	1.88	1.21	2.22	1.85	1.46	2.04
1.61	1.75	1.94	1.92	1.87	1.23	1.81	1.84	2.06	2.02	1.62	1.72	1.69	1.71	1.88	1.21	2.22	1.85	1.46	2.04
1.61	1.74	1.94	1.92	1.87	1.23	1.81	1.84	2.06	2.02	1.62	1.72	1.69	1.71	1.88	1.21	2.22	1.85	1.46	2.04
1.61	1.73	1.94	1.92	1.87	1.33	1.81	1.84	2.06	2.02	1.62	1.72	1.69	1.71	1.88	1.21	2.22	1.74	1.46	2.04
1.61	1.73	1.94	1.92	1.87	1.33	1.81	1.84	2.06	2.02	1.62	1.72	1.69	1.71	1.88	1.21	2.22	1.74	1.46	2.04
1.61	1.73	1.94	1.92	1.87	1.33	1.81	1.84	2.06	2.02	1.62	1.72	1.69	1.71	1.84	1.21	2.22	1.74	1.46	2.04
1.61	1.73	1.94	1.91	1.87	1.34	1.81	1.84	2.06	2.02	1.62	1.72	1.69	1.71	1.84	1.21	2.22	1.74	1.46	2.04
1.61	1.72	1.94	1.91	1.87	1.34	1.81	1.84	2.06	2.02	1.62	1.72	1.69	1.71	1.84	1.21	2.22	1.74	1.46	2.04
1.61	1.72	1.94	1.91	1.87	1.35	1.81	1.84	2.06	2.02	1.62	1.72	1.69	1.71	1.84	1.21	2.22	1.74	1.46	2.04
1.61	1.72	1.94	1.91	1.87	1.35	1.81	1.84	2.05	2.02	1.62	1.72	1.69	1.71	1.84	1.21	2.22	1.74	1.46	2.04
1.61	1.72	1.93	1.91	1.87	1.36	1.81	1.84	2.05	2.02	1.62	1.72	1.69	1.71	1.84	1.21	2.22	1.74	1.46	2.04
1.61	1.72	1.93	1.91	1.87	1.36	1.81	1.84	2.05	2.02	1.62	1.72	1.69	1.71	1.83	1.23	2.22	1.74	1.47	2.04
1.61	1.72	1.93	1.91	1.87	1.37	1.81	1.84	2.05	2.02	1.62	1.72	1.69	1.71	1.83	1.23	2.22	1.74	1.48	2.04
1.61	1.72	1.92	1.9	1.87	1.37	1.81	1.84	2.05	2.02	1.62	1.72	1.69	1.71	1.83	1.25	2.22	1.74	1.48	2.04
1.61	1.72	1.91	1.9	1.87	1.37	1.81	1.84	2.05	2.02	1.62	1.72	1.69	1.71	1.83	1.25	2.22	1.74	1.48	2.04
1.61	1.72	1.91	1.9	1.87	1.37	1.81	1.84	2.05	2.02	1.62	1.72	1.69	1.71	1.83	1.27	2.22	1.74	1.48	2.04
1.61	1.72	1.99	1.9	1.87	1.37	1.81	1.85	2.05	2.02	1.62	1.72	1.69	1.71	1.83	1.27	2.22	1.74	1.48	2.04
1.61	1.72	2.05	1.9	1.88	1.37	1.81	1.85	2.05	2.02	1.57	1.72	1.69	1.71	1.83	1.29	2.22	1.74	1.48	1.93
1.61	1.72	2.05	1.9	1.88	1.37	1.81	1.85	2.04	2.02	1.57	1.72	1.69	1.71	1.83	1.29	2.22	1.74	1.48	1.93
1.61	1.72	2.05	1.89	1.88	1.37	1.81	1.85	2.02	2.02	1.57	1.72	1.88	1.71	1.83	1.29	2.22	1.74	1.48	1.93
1.61	1.72	2.12	1.89	1.88	1.37	1.81	1.85	2.01	2.02	1.57	1.72	1.88	1.71	1.83	1.31	2.22	1.74	1.48	1.93
1.61	1.72	2.12	1.89	1.88	1.37	1.81	1.85	2.01	2.02	1.57	1.72	1.88	1.71	1.83	1.31	2.22	1.74	1.48	1.93
1.61	1.72	2.12	1.89	1.88	1.38	1.81	1.85	2.01	2.02	1.58	1.72	1.88	1.71	1.83	1.31	2.22	1.74	1.48	1.93
1.61	1.72	2.12	1.89	1.88	1.38	1.81	1.85	2.01	2.02	1.58	1.72	2.05	1.71	1.83	1.31	2.22	1.74	1.48	1.91
1.62	1.72	2.19	1.89	1.88	1.38	1.81	1.85	1.99	2.01	1.58	1.72	2.05	1.71	1.83	1.31	2.22	1.74	1.48	1.91
1.62	1.72	2.19	1.89	1.88	1.38	1.81	1.85	1.99	2.01	1.58	1.68	2.05	1.71	1.83	1.31	2.22	2.17	1.48	1.9
1.62	1.72	2.18	1.88	1.88	1.38	1.81	1.85	1.98	2.01	1.58	1.68	2.05	1.71	1.83	1.32	2.22	2.17	1.48	1.9
1.62	1.72	2.18	1.88	1.88	1.38	1.81	1.85	1.98	2.01	1.58	1.68	2.05	1.71	1.83	1.34	2.22	2.17	1.48	1.9
1.62	1.72	2.17	1.88	1.88	1.39	1.81	1.85	1.98	2	1.58	1.68	2.05	1.71	1.83	1.34	2.22	2.17	1.48	1.9
1.62	1.72	2.17	1.88	1.88	1.39	1.81	1.85	1.98	2	1.58	1.68	2.05	1.71	1.83	1.34	2.22	2.17	1.48	1.9
1.63	1.72	2.17	1.88	1.88	1.39	1.85	1.85	1.98	2	1.58	1.68	2.05	1.71	1.83	1.34	2.22	2.17	1.48	1.89
1.63	1.72	2.17	1.87	1.88	1.4	1.85	1.85	1.98	2	1.58	1.68	2.05	1.71	1.83	1.34	2.22	2.17	1.48	1.89
1.63	1.72	2.16	1.87	1.88	1.4	1.85	1.85	1.98	2	1.58	1.68	2.05	1.71	1.83	1.34	2.22	2.17	1.74	1.89
1.63	1.72	2.15	1.87	1.88	1.4	1.85	1.85	1.98	1.99	1.58	1.68	2.05	1.71	1.83	1.34	2.22	2.17	1.74	1.89
1.63	1.72	2.14	1.86	1.88	1.4	1.85	1.85	1.98	1.99	1.58	1.68	2.05	1.71	1.83	1.35	2.22	2.17	1.74	1.89
1.63	1.72	2.14	1.86	1.88	1.4	1.85	1.85	1.98	1.99	1.58	1.68	2.05	1.71	1.83	1.35	2.22	2.17	1.74	1.89
1.63	1.72	2.14	1.85	1.88	1.4	1.85	1.85	1.98	1.99	1.58	1.68	2.05	1.71	1.83	1.35	2.22	2.17	1.98	1.89
1.63	1.72	2.13	1.85	1.88	1.4	1.85	1.85	1.98	1.99	1.58	1.68	2.05	1.71	1.83	1.36	2.22	2.17	1.98	1.89
1.64	1.72	2.12	1.85	1.88	1.4	1.85	1.85	1.98	1.99	1.58	1.68	2.05	1.71	1.83	1.37	2.22	2.17	1.98	1.89
1.64	1.72	2.12	1.85	1.88	1.41	1.85	1.85	1.98	1.99	1.58	1.68	2.05	1.71	1.82	1.37	2.22	2.17	1.98	1.88
1.64	1.72	2.12	1.84	1.88	1.41	1.85	1.85	1.98	1.99	1.58	1.68	2.05	1.71	1.82	1.38	2.22	2.17	1.98	1.88
1.64	1.72	2.12	1.83	1.88	1.41	1.85	1.85	1.98	1.99	1.58	1.68	2.05	1.71	1.82	1.4	2.22	2.17	1.98	1.87
1.64	1.72	2.12	1.83	1.88	1.41	1.85	1.85	1.98	1.99	1.58	1.68	2.05	1.71	1.82	1.4	2.22	2.17	1.98	1.87
1.64	1.72	2.12	1.83	1.88	1.41	1.85	1.85	1.98	1.99	1.58	1.68	2.05	1.71	1.82	1.41	2.22	2.17	1.98	1.87
1.64	1.72	2.11	1.83	1.96	1.41	1.85	1.85	1.98	1.99	1.59	1.68	2.05	1.71	1.82	1.37	2.22	2.17	1.98	1.87
1.64	1.73	2.11	1.83	2.04	1.41	1.85	1.85	1.98	1.99	1.59	1.68	2.05	1.71	1.82	1.37	2.22	2.17	1.98	1.87
1.64	1.73	2.11	1.83	2.12	1.41	1.85	1.85	1.98	1.99	1.59	1.68	2.05	1.71	1.82	1.37	2.22	2.17	1.92	1.86
1.64	1.73	2.11	1.82	2.12	1.41	1.85	1.85	1.98	1.98	1.59	1.68	2.05	1.71	1.82	1.38	2.22	2.17	2.14	1.86
1.64	1.73	2.11	1.81	2.12	1.42	1.85	1.85	1.98	1.98	1.59	1.68	2.05	1.71	1.96	1.38	2.22	2.17	2.14	1.86
1.64	1.73	2.11	1.81	2.12	1.42	1.88	1.85	1.98	1.98	1.59	1.68	2.05	1.71	1.96	1.38	2.22	2.17	2.14	1.86
1.64	1.73	2.11	1.81	2.2	1.42	1.88	1.85	1.98	1.98	1.59	1.68	2.05	1.71	1.96	1.39	2.22	2.17	2.14	1.86
1.64	1.73	2.11	1.8	2.2	1.43	1.88	1.85	1.98	1.98	1.59	1.68	2.05	1.71	1.96	1.39	2.22	2.17	2.14	1.85
1.64	1.73	2.1	1.8	2.2	1.43	1.88	1.85	1.98	1.98	1.59	1.68	2.05	1.71	1.96	1.4	2.22	2.17	2.14	1.85
1.64	1.73	2.1	1.8	2.2	1.43	1.88	1.85	1.98	1.98	1.59	1.68	2.05	1.71	1.96	1.4	2.22	2.17	2.14	1.85
1.64	1.73	2.09	1.79	2.2	1.43	1.88	1.85	1.98	1.98	1.59	1.68	2.05	1.71	1.96	1.4	2.22	2.17	2.14	1.85
1.64	1.73	2.08	1.79	2.2	1.44	1.88	1.85	1.98	1.98	1.59	1.68	2.05	1.71	1.96	1.4	2.22	2.17	2.14	1.85
1.64	1.73	2.08	1.79	2.2	1.44	1.88	1.85	1.98	1.98	1.59	1.68	2.05	1.71	1.96	1.4	2.22	2.17	2.08	1.85
1.64	1.73	2.08	1.79	2.2	1.44	1.88	1.85	1.98	1.98	1.59	1.68	2.05	1.71	1.96	1.4	2.22	2.17	2.08	1.85
1.64	1.73	2.08	1.79	2.2	1.45	1.88	1.85	1.98	1.98	1.59	1.83	2.05	1.71	1.96	1.4	2.22	2.17	2.08	1.84
1.65	1.73	2.07	1.79	2.2	1.45	1.88	1.85	1.98	1.98	1.59	1.83	2.05	1.71	1.96	1.4	2.22	2.17	2.08	1.84
1.65	1.73	2.06	1.78	2.2	1.45	1.88	1.85	1.98	1.98	1.59	1.83	2.05	1.71	1.96	1.4	2.22	2.17	2.08	1.84
1.65	1.73	2.06	1.78	2.2	1.46	1.88	1.85	1.98	1.98	1.59	1.83	2.05	1.71	1.96	1.4	2.22	2.17	2.08	1.84
1.65	1.73	2.06	1.78	2.2	1.46	1.88	1.85	1.98	1.97	1.6	1.83	2.05	1.71	1.96	1.4	2.22	2.17	2.08	1.84
1.65	1.73	2.06	1.78	2.2	1.46	1.88	1.85	1.98	1.97	1.6	1.83	2.05	1.71	1.96	1.4	2.22	2.17	2.08	1.84
1.65	1.73	2.06	1.77	2.2	1.46	1.88	1.86	1.98	1.97	1.6	1.83	2.05	1.71	1.96	1.41	2.22	2.17	2.08	1.83
1.65	1.73	2.06	1.77	2.2	1.46	1.88	1.86	1.98	1.97	1.6	1.83	2.05	1.71	1.96	1.41	2.22	2.17	2.08	1.83
1.65	1.73	2.06	1.77	2.19	1.46	1.88	1.86	1.98	1.97	1.6	1.83	2.05	1.71	1.96	1.42	2.22	2.17	2.08	1.83
1.65	1.73	2.06	1.77	2.19	1.46	1.88	1.86	1.98	1.97	1.6	1.83	2.05	1.71	1.96	1.42	2.22	2.17	2.08	1.83
1.65	1.73	2.06	1.77	2.19	1.46	1.88	1.86	1.98	1.97	1.6	1.83	2.05	1.71	1.96	1.42	2.22	2.17	2.08	1.83
1.65	1.73	2.05	1.76	2.19	1.46	1.88	1.86	1.98	1.97	1.6	1.83	2.05	1.71	1.96	1.42	2.22	2.17	2.08	1.83
1.65	1.73	2.05	1.76	2.19	1.46	1.88	1.86	1.98	1.97	1.6	1.83	2.05	1.71	1.96	1.42	2.22	2.17	2.08	1.83
1.65	1.73	2.05	1.76	2.19	1.46	1.88	1.86	1.98	1.97	1.6	1.83	2.05	1.71	1.96	1.42	2.22	2.17	2.08	1.83
1.65	1.73	2.05	1.76	2.19	1.46	1.88	1.86	1.98	1.97	1.6	1.83	2.05	1.71	1.95	1.42	2.22	2.17	2.08	1.83
1.65	1.73	2.05	1.75	2.18	1.46	1.88	1.86	1.98	1.97	1.6	1.83	2.05	1.71	1.95	1.42	2.22	2.17	2.08	1.83
1.65	1.73	2.05	1.75	2.18	1.46	1.88	1.86	1.98	1.97	1.6	1.83	2.05	1.71	1.95	1.42	2.22	2.17	2.08	1.83
1.65	1.73	2.05	1.74	2.18	1.46	1.88	1.86	1.98	1.97	1.6	1.83	2.05	1.71	1.95	1.42	2.22	2.17	2.08	1.83
1.66	1.73	2.05	1.73	2.18	1.46	1.88	1.86	1.98	1.97	1.6	1.83	2.05	1.71	1.95	1.43	2.22	2.17	2.01	1.83
1.66	1.73	2.05	1.73	2.18	1.46	1.88	1.86	1.98	1.97	1.6	1.83	2.05	1.71	1.95	1.43	2.22	2.17	2.01	1.83
1.66	1.73	2.05	1.73	2.18	1.46	1.88	1.86	1.98	1.96	1.6	1.83	2.05	1.71	1.95	1.43	2.22	2.17	2.01	1.83
1.66	1.73	2.05	1.73	2.18	1.54	1.88	1.86	1.98	1.96	1.6	1.79	2.05	1.71	1.95	1.43	2.22	2.17	2.01	1.82
1.66	1.73	2.05	1.73	2.18	1.54	1.88	1.86	1.98	1.96	1.6	1.76	2.05	1.71	1.95	1.43	2.22	2.17	2.01	1.82
1.66	1.73	2.05	1.73	2.18	1.54	1.88	1.86	1.98	1.96	1.6	1.73	2.05	1.71	1.95	1.43	2.22	2.17	2.01	1.82
1.66	1.73	2.05	1.72	2.18	1.54	1.88	1.86	1.98	1.96	1.61	1.73	2.05	1.71	1.95	1.43	2.22	2.17	2.01	1.82
1.66	1.73	2.05	1.72	2.18	1.54	1.88	1.86	1.98	1.96	1.61	1.73	2.05	1.71	1.95	1.43	2.22	2.17	2.01	1.82
1.66	1.73	2.05	1.72	2.18	1.55	1.88	1.86	1.98	1.96	1.61	1.73	2.05	1.71	1.95	1.43	2.22	2.17	2.01	1.82
1.66	1.73	2.05	1.72	2.18	1.55	1.88	1.86	1.98	1.96	1.61	1.73	2.05	1.71	1.95	1.43	2.22	2.17	2.01	1.82
1.66	1.74	2.05	1.71	2.18	1.55	1.88	1.86	1.98	1.96	1.61	1.73	2.05	1.71	1.95	1.44	2.22	2.17	2.01	1.82
1.66	1.74	2.05	1.71	2.18	1.55	1.88	1.86	1.98	1.96	1.61	1.73	2.05	1.71	1.94	1.44	2.22	2.17	2.01	1.82
1.67	1.74	2.05	1.71	2.18	1.55	1.88	1.86	1.98	1.96	1.61	1.73	2.05	1.71	1.94	1.44	2.22	2.17	2.01	1.82
1.67	1.74	2.05	1.71	2.17	1.56	1.88	1.86	1.98	1.96	1.61	1.73	2.05	1.71	1.94	1.44	2.22	2.17	2.01	1.81
1.67	1.74	2.05	1.71	2.17	1.56	1.88	1.86	1.98	1.96	1.61	1.73	2.05	1.71	1.94	1.44	2.22	2.17	1.96	1.81
1.67	1.74	2.05	1.71	2.17	1.56	1.88	1.86	2.09	1.96	1.61	1.73	2.05	1.71	1.94	1.44	2.22	2.17	1.96	1.81
1.67	1.74	2.05	1.71	2.17	1.56	1.88	1.86	2.09	1.96	1.61	1.73	2.05	1.71	1.94	1.44	2.22	2.17	1.96	1.81
1.67	1.74	2.05	1.71	2.17	1.56	1.88	1.86	2.09	1.96	1.61	1.73	2.05	1.71	1.94	1.44	2.22	2.17	1.96	1.81
1.67	1.74	2.05	1.71	2.17	1.56	1.88	1.86	2.09	1.96	1.61	1.73	2.05	1.71	1.94	1.44	2.22	2.17	1.96	1.81
1.67	1.74	2.05	1.71	2.17	1.56	1.88	1.86	2.09	1.96	1.59	1.73	2.05	1.71	1.94	1.44	2.22	2.17	1.96	1.81
1.67	1.74	2.05	1.71	2.17	1.56	1.88	1.86	2.19	1.96	1.59	1.73	2.05	1.71	1.94	1.61	2.22	2.17	1.96	1.81
1.67	1.74	2.05	1.71	2.17	1.56	1.88	1.86	2.19	1.96	1.59	1.73	2.05	1.71	1.94	1.61	2.22	2.17	1.96	1.81
1.66	1.74	2.05	1.71	2.17	1.56	1.88	1.86	2.19	1.96	1.59	1.73	2.05	1.71	1.93	1.61	2.22	2.17	1.96	1.81
1.66	1.74	2.05	1.71	2.17	1.56	1.88	1.86	2.19	1.95	1.59	1.73	2.05	1.71	1.93	1.61	2.22	2.17	1.96	1.81
1.66	1.74	2.05	1.71	2.17	1.56	1.88	1.86	2.19	1.95	1.59	1.73	2.05	1.71	1.93	1.61	2.22	2.17	1.96	1.81
1.66	1.74	2.05	1.71	2.17	1.56	1.88	1.86	2.19	1.95	1.59	1.73	2.05	1.71	1.93	1.61	2.22	2.17	1.96	1.81
1.65	1.74	2.05	1.72	2.17	1.56	1.88	1.86	2.19	1.95	1.59	1.73	2.05	1.71	1.93	1.61	2.22	2.17	1.96	1.8
1.65	1.74	2.05	1.72	2.17	1.56	1.88	1.86	2.17	1.95	1.59	1.73	2.05	1.71	1.93	1.61	2.22	2.17	1.96	1.8
1.64	1.74	2.05	1.72	2.16	1.56	1.88	1.86	2.17	1.95	1.59	1.73	2.05	1.71	1.93	1.61	2.22	2.17	1.96	1.8
1.64	1.74	2.05	1.72	2.16	1.56	1.88	1.86	2.17	1.95	1.59	1.73	2.05	1.71	1.93	1.61	2.22	2.17	1.96	1.8
1.64	1.74	2.05	1.72	2.16	1.56	1.88	1.86	2.17	1.95	1.59	1.73	2.05	1.71	1.93	1.58	2.22	2.17	2.15	1.8
1.63	1.74	2.05	1.72	2.16	1.56	1.88	1.86	2.17	1.95	1.59	1.73	2.05	1.71	1.93	1.54	2.22	2.17	2.15	1.8
1.63	1.74	2.05	1.72	2.16	1.56	1.88	1.86	2.17	1.95	1.59	1.73	2.05	1.71	1.93	1.54	2.22	2.17	2.15	1.8
1.63	1.74	2.05	1.72	2.16	1.56	1.88	1.86	2.17	1.95	1.59	1.73	2.05	1.86	1.93	1.54	2.22	2.17	2.15	1.8
1.62	1.74	2.05	1.72	2.16	1.56	1.88	1.86	2.17	1.95	1.59	1.73	2.05	1.86	1.93	1.54	2.22	2.17	2.15	1.8
1.62	1.74	2.05	1.72	2.16	1.56	1.88	1.86	2.17	1.95	1.59	1.73	2.05	1.86	1.93	1.54	2.22	2.17	2.15	1.8
1.62	1.74	2.05	1.72	2.16	1.56	1.88	1.86	2.17	1.95	1.59	1.73	2.05	1.86	1.92	1.54	2.22	2.17	2.15	1.8
1.62	1.74	2.05	1.72	2.16	1.55	1.88	1.86	2.17	1.95	1.59	1.73	2.05	1.86	1.92	1.54	2.22	2.17	2.15	1.8
1.62	1.74	2.05	1.72	2.16	1.55	1.88	1.88	2.17	1.95	1.59	1.73	2.05	1.86	1.92	1.54	2.22	2.17	2.15	1.8
1.62	1.74	2.05	1.72	2.16	1.55	1.88	1.88	2.16	1.95	1.59	1.73	2.05	1.86	1.92	1.54	2.22	2.17	2.15	1.8
1.61	1.74	2.05	1.72	2.15	1.55	1.88	1.88	2.14	1.95	1.59	1.73	2.05	1.86	1.92	1.54	2.22	2.17	2.15	1.8
1.61	1.75	2.05	1.72	2.15	1.55	1.88	1.88	2.14	1.95	1.59	1.73	2.05	1.86	1.92	1.53	2.22	2.17	2.15	1.8
1.61	1.75	2.05	1.72	2.15	1.55	1.88	1.88	2.14	1.95	1.59	1.73	2.05	1.86	1.92	1.53	2.22	2.17	2.15	1.8
1.61	1.75	2.05	1.72	2.15	1.55	1.88	1.88	2.14	1.95	1.59	1.73	2.05	1.86	1.92	1.53	2.22	2.17	2.15	1.8
1.61	1.75	2.05	1.72	2.15	1.55	1.88	1.88	2.14	1.95	1.59	1.73	2.05	1.86	1.92	1.53	2.22	2.17	2.15	1.8
1.61	1.75	2.05	1.72	2.15	1.55	1.88	1.88	2.14	1.95	1.59	1.73	2.05	1.86	1.92	1.53	2.22	2.17	2.15	1.8
1.61	1.75	2.05	1.72	2.15	1.55	1.88	1.88	2.14	1.95	1.59	1.73	2.05	1.86	1.92	1.53	2.22	2.17	2.15	1.8
1.61	1.75	2.05	1.72	2.15	1.54	1.88	1.88	2.14	1.95	1.59	1.72	2.05	1.82	1.91	1.53	2.22	2.17	2.15	1.8
1.61	1.75	2.05	1.72	2.15	1.54	1.88	1.88	2.14	1.95	1.59	1.72	2.05	1.82	1.91	1.53	2.22	2.17	2.15	1.8
1.61	1.75	2.05	1.72	2.15	1.54	1.88	1.88	2.14	1.95	1.59	1.72	2.05	1.82	1.91	1.53	2.22	2.17	2.15	1.8
1.61	1.75	2.05	1.72	2.15	1.54	1.88	1.88	2.14	1.95	1.59	1.72	2.05	1.82	1.91	1.53	2.05	2.17	2.09	1.8
1.6	1.75	2.05	1.72	2.15	1.54	1.88	1.88	2.14	1.95	1.59	1.72	2.05	1.82	1.91	1.53	2.05	2.17	2.09	1.8
1.6	1.75	2.05	1.72	2.14	1.54	1.88	1.88	2.14	1.95	1.59	1.72	2.05	1.82	1.91	1.53	2.05	2.17	2.09	1.8
1.6	1.75	2.05	1.72	2.14	1.54	1.91	1.88	2.14	1.95	1.59	1.72	2.05	1.82	1.91	1.53	2.05	2.17	2.09	1.8
1.6	1.75	2.05	1.72	2.14	1.53	1.91	1.88	2.14	1.95	1.59	1.72	2.05	1.82	1.91	1.53	2.05	2.17	2.09	1.8
1.6	1.75	2.05	1.72	2.14	1.53	1.91	1.88	2.14	1.95	1.59	1.72	2.05	1.82	1.91	1.53	2.05	2.17	2.09	1.8
1.6	1.75	2.05	1.72	2.14	1.53	1.91	1.88	2.13	1.95	1.59	1.72	2.05	1.82	1.91	1.53	2.05	2.17	2.09	1.8
1.6	1.75	2.05	1.72	2.14	1.53	1.91	1.88	2.12	1.94	1.59	1.72	2.05	1.82	1.91	1.53	2.05	2.17	2.09	1.8
1.6	1.76	2.05	1.72	2.14	1.53	1.91	1.88	2.1	1.94	1.59	1.72	2.05	1.82	1.91	1.53	2.05	2.17	2.09	1.8
1.59	1.76	2.05	1.72	2.14	1.52	1.91	1.88	2.09	1.94	1.59	1.72	2.05	1.82	1.91	1.53	2.05	2.17	2.09	1.8
1.59	1.76	2.05	1.72	2.14	1.52	1.91	1.88	2.09	1.94	1.59	1.72	2.05	1.82	1.91	1.53	2.05	2.17	2.09	1.8
1.59	1.76	2.05	1.72	2.14	1.52	1.91	1.88	2.09	1.94	1.59	1.72	2.05	1.82	1.91	1.53	2.05	2.17	2.09	1.79
1.59	1.76	2.05	1.72	2.14	1.52	1.91	1.88	2.09	1.94	1.59	1.72	2.05	1.82	1.91	1.53	2.05	2.17	2.09	1.79
1.59	1.76	2.05	1.72	2.14	1.52	1.91	1.88	2.09	1.94	1.59	1.72	2.05	1.82	1.91	1.53	2.05	2.17	2.09	1.79
1.59	1.76	2.05	1.72	2.14	1.52	1.91	1.88	2.09	1.94	1.59	1.72	2.05	1.82	1.91	1.53	2.05	2.17	2.09	1.79
1.59	1.76	2.05	1.72	2.14	1.52	1.91	1.88	2.09	1.94	1.59	1.72	2.05	1.82	1.91	1.53	2.05	2.17	2.09	1.79
1.59	1.76	2.05	1.72	2.14	1.52	1.91	1.88	2.09	1.94	1.59	1.72	2.05	1.82	1.91	1.53	2.05	2.17	2.09	1.79
1.59	1.76	2.05	1.72	2.14	1.52	1.91	1.88	2.09	1.94	1.59	1.72	2.05	1.82	1.91	1.53	2.05	2.17	2.09	1.79
1.59	1.81	2.05	1.72	2.14	1.52	1.91	1.88	2.09	1.94	1.56	1.72	2.05	1.82	1.9	1.53	2.05	2.17	2.09	1.79
1.59	1.86	2.05	1.72	2.14	1.52	1.91	1.88	2.1	1.94	1.56	1.72	2.05	1.78	1.9	1.53	2.05	2.17	2.09	1.79
1.59	1.86	2.05	1.72	2.14	1.52	1.91	1.89	2.1	1.94	1.56	1.72	2	1.75	1.9	1.53	2.05	2.17	2.09	1.79
1.59	1.86	2.05	1.72	2.13	1.52	1.91	1.89	2.1	1.94	1.56	1.72	2	1.72	1.9	1.53	2.05	2.17	2.28	1.79
1.59	1.86	2.05	1.72	2.13	1.52	1.91	1.89	2.1	1.94	1.56	1.72	2	1.72	1.9	1.53	2.05	2.05	2.28	1.79
1.59	1.86	2.05	1.72	2.13	1.52	1.91	1.89	2.1	1.94	1.56	1.72	2	1.72	1.9	1.53	2.05	2.05	2.28	1.79
1.59	1.86	2.05	1.72	2.13	1.52	1.91	1.89	2.1	1.94	1.56	1.72	2	1.72	1.9	1.53	2.05	2.05	2.28	1.79
1.58	1.86	2.05	1.72	2.13	1.52	1.91	1.89	2.1	1.94	1.56	1.72	2	1.72	1.9	1.53	2.05	2.05	2.28	1.79
1.58	1.86	2.05	1.73	2.13	1.52	1.91	1.89	2.1	1.94	1.56	1.72	2	1.72	1.9	1.53	2.05	2.05	2.28	1.79
1.58	1.86	2.05	1.73	2.13	1.52	1.91	1.89	2.1	1.94	1.56	1.72	2	1.72	1.9	1.53	2.05	2.05	2.28	1.79
1.58	1.86	2.05	1.73	2.13	1.52	1.91	1.89	2.1	1.94	1.56	1.72	2	1.72	1.9	1.53	2.05	2.05	2.28	1.79
1.58	1.86	2.05	1.73	2.13	1.52	1.91	1.89	2.1	1.94	1.55	1.72	1.99	1.72	1.9	1.53	2.05	2.05	2.28	1.79
1.58	1.86	2.05	1.73	2.13	1.52	1.91	1.89	2.1	1.94	1.55	1.72	1.99	1.72	1.9	1.53	2.05	2.05	2.28	1.79
1.58	1.86	2.05	1.73	2.13	1.52	1.91	1.89	2.1	1.94	1.55	1.72	1.99	1.72	1.9	1.53	2.05	2.05	2.28	1.79
1.58	1.86	2.05	1.73	2.13	1.52	1.91	1.89	2.1	1.94	1.55	1.72	1.99	1.72	1.89	1.53	2.05	2.05	2.28	1.79
1.58	1.86	2.05	1.73	2.12	1.52	1.91	1.91	2.1	1.94	1.55	1.72	1.99	1.72	1.89	1.53	2.05	2.05	2.28	1.79
1.57	1.86	2.05	1.73	2.12	1.52	1.91	1.91	2.1	1.94	1.55	1.72	1.99	1.72	1.89	1.53	2.05	2.05	2.28	1.79
1.57	1.86	2.04	1.73	2.12	1.52	1.91	1.91	2.1	1.94	1.55	1.72	1.99	1.72	1.89	1.53	2.05	2.05	2.28	1.79
1.57	1.86	2.04	1.73	2.12	1.52	1.91	1.91	2.1	1.93	1.55	1.72	1.98	1.72	1.89	1.53	2.05	2.05	2.28	1.79
1.57	1.86	2.04	1.73	2.12	1.52	1.91	1.91	2.1	1.93	1.55	1.72	1.98	1.84	1.89	1.53	2.05	2.05	2.28	1.79
1.57	1.86	2.04	1.73	2.12	1.52	1.91	1.91	2.1	1.93	1.55	1.72	1.98	1.84	1.89	1.53	2.05	2.05	2.28	1.79
1.57	1.86	2.04	1.73	2.12	1.52	1.91	1.91	2.1	1.92	1.55	1.72	1.98	1.84	1.89	1.5	2.05	2.05	2.28	1.79
1.56	1.86	2.04	1.73	2.12	1.52	1.91	1.91	2.1	1.92	1.55	1.72	1.98	1.81	1.89	1.5	2.05	2.05	2.28	1.79
1.56	1.86	2.04	1.73	2.12	1.53	1.91	1.91	2.1	1.92	1.55	1.72	1.98	1.81	1.89	1.5	2.05	2.05	2.28	1.79
1.56	1.86	2.04	1.73	2.12	1.53	1.91	1.91	2.1	1.91	1.55	1.72	1.98	1.81	1.89	1.5	2.05	2.05	2.28	1.79
1.56	1.86	2.04	1.73	2.12	1.53	1.91	1.91	2.1	1.91	1.55	1.72	1.98	1.78	1.89	1.5	2.05	2.05	2.28	1.79
1.56	1.86	2.04	1.73	2.12	1.53	1.91	1.91	2.1	1.91	1.55	1.72	1.98	1.75	1.89	1.5	2.05	2.05	2.28	1.79
1.56	1.86	2.04	1.73	2.12	1.53	1.91	1.91	2.1	1.91	1.55	1.72	1.98	1.72	1.89	1.51	2.05	2.05	2.28	1.79
1.55	1.86	2.04	1.73	2.12	1.53	1.91	1.91	2.1	1.91	1.55	1.72	1.97	1.72	1.89	1.51	2.05	2.05	2.28	1.79
1.55	1.86	2.04	1.73	2.12	1.54	1.91	1.91	2.1	1.91	1.55	1.72	1.97	1.72	1.89	1.51	2.05	2.05	2.28	1.79
1.55	1.86	2.04	1.73	2.12	1.54	1.91	1.91	2.1	1.9	1.55	1.72	1.97	1.72	1.89	1.51	2.05	2.05	2.28	1.79
1.55	1.86	2.04	1.73	2.11	1.54	1.91	1.91	2.1	1.9	1.55	1.72	1.97	1.72	1.89	1.51	2.05	2.05	2.28	1.79
1.55	1.86	2.04	1.73	2.11	1.54	1.91	1.91	2.1	1.9	1.55	1.72	1.97	1.72	1.89	1.51	2.05	2.05	2.28	1.79
1.54	1.86	2.04	1.73	2.11	1.54	1.91	1.91	2.1	1.9	1.55	1.72	1.97	1.72	1.89	1.51	2.05	2.05	2.28	1.79
1.54	1.86	2.03	1.73	2.11	1.53	1.91	1.91	2.1	1.9	1.55	1.72	1.97	1.72	1.89	1.51	2.05	2.05	2.28	1.79
1.54	1.86	2.02	1.73	2.11	1.53	1.91	1.91	2.1	1.9	1.55	1.72	1.97	1.72	1.89	1.51	2.05	2.05	2.28	1.79
1.54	1.86	2.02	1.73	2.11	1.53	1.94	1.91	2.1	1.9	1.55	1.72	1.97	1.72	1.89	1.51	2.05	2.05	2.28	1.79
1.54	1.86	2.01	1.73	2.11	1.53	1.94	1.91	2.1	1.9	1.55	1.72	1.97	1.72	1.89	1.51	2.05	2.05	2.28	1.79
1.54	1.86	2.01	1.73	2.11	1.53	1.94	1.91	2.1	1.9	1.55	1.72	1.97	1.72	1.89	1.51	2.05	2.05	2.28	1.79
1.54	1.86	2.01	1.73	2.11	1.53	1.94	1.91	2.1	1.88	1.55	1.72	1.97	1.72	1.89	1.51	1.9	2.05	2.28	1.79
1.54	1.86	2	1.73	2.11	1.53	1.94	1.91	2.1	1.88	1.55	1.72	1.97	1.72	1.88	1.51	2.38	2.05	2.28	1.79
1.54	1.86	2	1.73	2.11	1.52	1.94	1.91	2.1	1.87	1.55	1.72	1.97	1.72	1.88	1.51	2.38	2.05	2.28	1.79
1.54	1.86	2	1.73	2.11	1.52	1.94	1.91	2.1	1.87	1.55	1.72	1.97	1.72	1.88	1.51	2.38	2.05	2.28	1.79
1.54	1.86	2	1.73	2.11	1.52	1.94	1.91	2.1	1.87	1.55	1.72	2.11	1.72	1.88	1.51	2.38	2.05	2.28	1.79
1.54	1.86	2	1.73	2.11	1.52	1.94	1.91	2.1	1.87	1.55	1.72	2.11	1.72	1.88	1.51	2.38	2.05	2.28	1.79
1.54	1.86	2	1.73	2.11	1.51	1.94	1.91	2.1	1.87	1.55	1.72	2.11	1.72	1.88	1.51	2.38	2.05	2.28	1.79
1.54	1.86	2	1.73	2.11	1.51	1.94	1.91	2.1	1.86	1.55	1.72	2.11	1.72	1.88	1.51	2.38	2.05	2.22	1.79
1.54	1.86	2	1.73	2.11	1.51	1.94	1.91	2.1	1.86	1.55	1.72	2.11	1.72	1.88	1.51	2.38	2.05	2.22	1.79
1.54	1.86	2	1.73	2.11	1.51	1.94	1.91	2.1	1.86	1.55	1.72	2.11	1.72	1.88	1.51	2.38	2.05	2.22	1.79
1.54	1.86	2	1.73	2.11	1.5	1.94	1.91	2.1	1.86	1.55	1.72	2.11	1.72	1.88	1.51	2.38	2.05	2.22	1.79
1.54	1.86	2	1.73	2.11	1.5	1.94	1.91	2.1	1.86	1.55	1.72	2.11	1.72	1.88	1.51	2.38	2.05	2.22	1.79
1.54	1.86	2	1.73	2.11	1.5	1.94	1.91	2.1	1.85	1.55	1.72	2.11	1.72	1.88	1.51	2.38	2.05	2.22	1.79
1.54	1.86	2	1.74	2.11	1.5	1.94	1.91	2.1	1.85	1.55	1.72	2.11	1.72	1.88	1.51	2.38	2.05	2.22	1.79
1.54	1.86	2	1.74	2.1	1.5	1.94	1.91	2.1	1.84	1.55	1.72	2.11	1.72	1.88	1.48	2.38	2.05	2.22	1.79
1.54	1.86	2	1.74	2.1	1.5	1.94	1.91	2.1	1.84	1.55	1.72	2.07	1.72	1.87	1.48	2.38	2.05	2.22	1.79
1.54	1.86	2	1.74	2.1	1.5	1.94	1.91	2.1	1.84	1.55	1.72	2.03	1.72	1.87	1.48	2.38	2.05	2.22	1.79
1.54	1.86	2	1.74	2.1	1.5	1.94	1.91	2.1	1.84	1.55	1.72	1.99	1.72	1.87	1.48	2.38	2.05	2.22	1.92
1.54	1.86	2	1.74	2.1	1.5	1.94	1.91	2.1	1.84	1.55	1.72	1.98	1.72	1.87	1.48	2.38	2.05	2.22	1.92
1.54	1.86	2	1.74	2.1	1.5	1.94	1.91	2.1	1.84	1.55	1.72	1.98	1.72	1.87	1.48	2.38	2.05	2.22	1.92
1.55	1.86	2	1.74	2.1	1.49	1.94	1.91	2.1	1.84	1.55	1.72	1.98	1.72	1.87	1.48	2.38	2.05	2.22	1.92
1.55	1.85	2	1.74	2.1	1.49	1.94	1.91	2.1	1.84	1.55	1.72	1.98	1.72	1.87	1.48	2.38	2.05	2.22	1.92
1.55	1.85	2	1.74	2.1	1.49	1.94	1.91	2.1	1.84	1.55	1.72	1.98	1.72	1.87	1.48	2.38	2.05	2.22	1.92
1.55	1.85	2	1.74	2.1	1.49	1.94	1.91	2.1	1.84	1.55	1.72	1.98	1.72	1.87	1.48	2.38	2.05	2.16	1.92
1.55	1.85	2	1.74	2.1	1.48	1.94	1.91	2.1	1.84	1.55	1.72	1.98	1.72	1.87	1.48	2.38	2.05	2.11	1.92
1.55	1.85	2	1.74	2.1	1.48	1.94	1.91	2.1	1.84	1.55	1.72	1.98	1.72	1.87	1.48	2.38	2.05	2.06	1.92
1.55	1.85	2	1.74	2.1	1.48	1.94	1.91	2.1	1.84	1.55	1.71	1.98	1.72	1.87	1.48	2.38	2.05	2.06	1.92
1.55	1.85	2	1.74	2.1	1.48	1.94	1.91	2.1	1.84	1.55	1.71	1.98	1.72	1.87	1.48	2.38	2.05	2.06	1.92
1.55	1.85	2.05	1.73	2.1	1.48	1.94	1.91	2.1	1.84	1.55	1.71	1.98	1.72	1.87	1.48	2.38	2.05	2.05	1.92
1.55	1.85	2.1	1.73	2.1	1.48	1.94	1.91	2.1	1.84	1.55	1.71	1.98	1.72	1.87	1.48	2.38	2.05	2.05	1.92
1.55	1.85	2.15	1.72	2.1	1.47	1.94	1.91	2.1	1.84	1.55	1.71	1.98	1.72	1.87	1.48	2.38	2.05	2.04	1.92
1.55	1.85	2.15	1.72	2.1	1.47	1.94	1.91	2.1	1.84	1.55	1.71	1.98	1.72	1.86	1.48	2.38	2.05	2.04	1.92
1.55	1.85	2.15	1.72	2.1	1.47	1.94	1.91	2.1	1.84	1.55	1.71	1.98	1.72	1.86	1.48	2.38	2.05	2.04	1.92
1.55	1.85	2.15	1.72	2.1	1.47	1.94	1.91	2.1	1.84	1.55	1.71	1.98	1.72	1.86	1.48	2.38	2.05	2.04	1.92
1.55	1.85	2.15	1.72	2.1	1.47	1.96	1.92	2.09	1.84	1.55	1.71	1.98	1.72	1.86	1.48	2.38	2.05	2.04	1.92
1.55	1.85	2.14	1.72	2.1	1.47	1.96	1.92	2.09	1.84	1.55	1.71	1.98	1.72	1.86	1.48	2.38	2.05	2.04	1.92
1.55	1.85	2.14	1.72	2.1	1.47	1.96	1.92	2.08	1.84	1.55	1.7	1.98	1.72	1.86	1.48	2.38	2.05	2.04	1.92
1.55	1.85	2.14	1.72	2.1	1.47	1.96	1.92	2.08	1.84	1.55	1.7	1.98	1.7	1.86	1.48	2.38	2.05	2.04	1.92
1.55	1.85	2.14	1.72	2.1	1.47	1.96	1.92	2.07	1.84	1.55	1.7	1.98	1.7	1.86	1.48	2.38	1.94	2.04	1.92
1.55	1.84	2.14	1.72	2.09	1.47	1.96	1.92	2.07	1.84	1.55	1.7	1.98	1.7	1.86	1.48	2.38	1.94	2.04	1.92
1.55	1.84	2.14	1.72	2.09	1.47	1.96	1.92	2.06	1.84	1.55	1.7	1.98	1.7	1.86	1.48	2.38	1.94	2.04	1.92
1.55	1.84	2.14	1.72	2.09	1.47	1.96	1.92	2.06	1.84	1.55	1.7	1.98	1.7	1.86	1.48	2.38	1.94	2.04	1.92
1.55	1.84	2.14	1.72	2.09	1.47	1.96	1.92	2.06	1.84	1.55	1.7	1.98	1.7	1.86	1.48	2.38	1.94	2.04	1.92
1.55	1.84	2.14	1.72	2.09	1.47	1.96	1.92	2.06	1.84	1.55	1.7	1.98	1.7	1.86	1.48	2.38	1.84	2.04	1.92
1.55	1.84	2.14	1.73	2.09	1.48	1.96	1.92	2.06	1.84	1.55	1.7	1.98	1.7	1.86	1.48	2.38	2.18	2.04	1.92
1.55	1.84	2.14	1.73	2.09	1.48	1.96	1.92	2.06	1.84	1.55	1.7	1.98	1.7	1.86	1.48	2.38	2.18	2.04	1.92
1.55	1.84	2.14	1.73	2.09	1.48	1.96	1.92	2.04	1.84	1.55	1.7	1.98	1.7	1.86	1.48	2.38	2.18	2.04	1.92
1.55	1.84	2.14	1.73	2.09	1.48	1.96	1.92	2.03	1.84	1.52	1.7	1.98	1.7	1.86	1.48	2.38	2.18	2.04	1.92
1.55	1.83	2.14	1.73	2.09	1.48	1.96	1.92	2.03	1.84	1.52	1.7	1.98	1.7	1.86	1.48	2.38	2.18	2.04	1.92
1.55	1.83	2.14	1.73	2.09	1.48	1.96	1.92	2.03	1.84	1.52	1.7	1.98	1.7	1.86	1.48	2.38	2.18	2.04	1.92
1.55	1.83	2.14	1.73	2.09	1.48	1.96	1.92	2.03	1.84	1.52	1.7	1.98	1.7	1.86	1.48	2.38	2.18	2.04	1.89
1.55	1.83	2.14	1.73	2.09	1.48	1.96	1.92	2.03	1.85	1.52	1.7	1.98	1.7	1.86	1.48	2.38	2.18	2.04	1.89
1.55	1.83	2.13	1.73	2.09	1.47	1.96	1.92	2.03	1.85	1.52	1.7	1.98	1.7	1.86	1.48	2.38	2.18	2.04	1.89
1.56	1.82	2.13	1.73	2.09	1.47	1.96	1.92	2.03	1.85	1.52	1.7	1.98	1.7	1.86	1.48	2.38	2.18	2.04	1.89
1.56	1.82	2.13	1.73	2.08	1.47	1.96	1.92	2.03	1.85	1.52	1.7	1.98	1.7	1.86	1.48	2.38	2.18	2.04	1.89
1.56	1.82	2.13	1.73	2.08	1.47	1.96	1.92	2.03	1.85	1.52	1.7	1.98	1.7	1.86	1.48	2.38	2.18	2.04	1.89
1.56	1.82	2.13	1.73	2.08	1.47	1.96	1.92	2.03	1.85	1.52	1.7	1.98	1.7	1.86	1.48	2.38	2.18	2.04	1.89
1.56	1.82	2.12	1.73	2.08	1.47	1.96	1.92	2.03	1.85	1.53	1.7	1.98	1.7	1.86	1.48	2.38	2.18	2.04	1.89
1.56	1.81	2.12	1.78	2.08	1.47	1.96	1.92	2.03	1.85	1.53	1.7	1.98	1.7	1.86	1.48	2.38	2.18	2.04	1.89
1.56	1.81	2.12	1.78	2.08	1.47	1.96	1.92	2.04	1.85	1.53	1.7	1.98	1.8	1.86	1.48	2.38	2.18	2.04	1.89
1.56	1.81	2.11	1.78	2.08	1.47	1.96	1.92	2.04	1.85	1.53	1.7	1.98	1.8	1.86	1.48	2.38	2.18	2.04	1.89
1.56	1.81	2.11	1.78	2.08	1.47	1.96	1.92	2.04	1.85	1.53	1.7	1.98	1.8	1.86	1.48	2.38	2.18	2.04	1.89
1.56	1.81	2.11	1.78	2.08	1.47	1.96	1.94	2.04	1.85	1.53	1.7	1.98	1.8	1.86	1.48	2.38	2.18	2.04	1.89
1.56	1.81	2.11	1.78	2.08	1.47	1.96	1.94	2.04	1.85	1.53	1.7	1.98	1.8	1.86	1.48	2.38	2.18	2.04	1.89
1.56	1.81	2.11	1.78	2.08	1.47	1.96	1.94	2.04	1.85	1.53	1.7	1.98	1.8	1.85	1.48	2.38	2.18	2.04	1.89
1.56	1.81	2.11	1.78	2.08	1.48	1.96	1.94	2.04	1.85	1.54	1.7	1.98	1.8	1.85	1.48	2.38	2.18	2.04	1.85
1.56	1.8	2.11	1.78	2.08	1.48	1.96	1.94	2.04	1.85	1.54	1.7	1.98	1.8	1.85	1.62	2.38	2.18	2.04	1.98
1.56	1.8	2.1	1.78	2.08	1.48	1.96	1.94	2.04	1.85	1.54	1.7	1.98	1.8	1.85	1.62	2.38	2.18	2.04	1.98
1.56	1.8	2.1	1.78	2.08	1.48	1.96	1.94	2.04	1.85	1.54	1.7	1.98	1.8	1.85	1.62	2.38	2.18	2.04	1.98
1.56	1.8	2.1	1.78	2.08	1.48	1.96	1.94	2.04	1.85	1.54	1.7	1.98	1.8	1.85	1.62	2.38	2.18	2.04	1.98
1.56	1.8	2.1	1.78	2.08	1.48	1.96	1.94	2.04	1.85	1.54	1.7	1.98	1.8	1.85	1.62	2.38	2.18	2.04	1.98
1.56	1.8	2.09	1.78	2.08	1.48	1.96	1.94	2.04	1.85	1.54	1.7	1.98	1.8	1.85	1.62	2.38	2.18	2.04	1.98
1.56	1.8	2.09	1.78	2.08	1.48	1.96	1.94	2.04	1.85	1.54	1.7	1.98	1.8	1.85	1.62	2.38	2.18	2.04	1.98
1.56	1.8	2.09	1.78	2.08	1.48	1.96	1.94	2.04	1.85	1.54	1.7	1.98	1.8	1.85	1.62	2.38	2.18	2.04	1.98
1.56	1.8	2.09	1.78	2.08	1.48	1.96	1.94	2.04	1.85	1.54	1.7	1.98	1.8	1.85	1.62	2.38	2.18	2.04	1.98
1.56	1.8	2.08	1.78	2.08	1.48	1.96	1.94	2.04	1.85	1.54	1.7	1.98	1.8	1.85	1.62	2.38	2.18	2.04	1.98
1.56	1.8	2.08	1.78	2.08	1.48	1.96	1.94	2.04	1.85	1.54	1.7	1.98	1.8	1.85	1.59	2.38	2.18	2.04	1.98
1.56	1.8	2.08	1.78	2.08	1.48	1.96	1.94	2.04	1.85	1.54	1.7	1.98	1.8	1.85	1.59	2.38	2.08	2.04	1.98
1.56	1.79	2.07	1.78	2.08	1.48	1.96	1.94	2.04	1.85	1.54	1.7	1.98	1.8	1.85	1.59	2.38	2.08	2.04	1.98
1.56	1.79	2.07	1.78	2.08	1.48	1.96	1.94	2.04	1.85	1.54	1.7	1.98	1.77	1.85	1.59	2.38	2.08	2.04	1.98
1.56	1.79	2.06	1.78	2.08	1.48	1.96	1.94	2.04	1.85	1.54	1.7	1.98	1.77	1.85	1.59	2.38	2.08	2.04	1.95
1.56	1.79	2.06	1.78	2.08	1.48	1.96	1.94	2.04	1.85	1.54	1.7	1.98	1.77	1.85	1.59	2.38	2.08	2.04	1.91
1.56	1.78	2.06	1.78	2.08	1.48	1.96	1.94	2.04	1.85	1.54	1.7	1.98	1.77	1.85	1.59	2.38	2.08	2.04	1.88
1.56	1.78	2.05	1.78	2.07	1.48	1.96	1.94	2.04	1.85	1.54	1.7	1.98	1.77	1.85	1.59	2.38	2.08	2.04	1.85
1.56	1.78	2.05	1.78	2.07	1.48	1.96	1.94	2.04	1.85	1.54	1.7	1.98	1.77	1.84	1.59	2.38	2.08	2.04	1.85
1.56	1.78	2.05	1.78	2.07	1.48	1.96	1.94	2.04	1.85	1.54	1.7	1.98	1.77	1.84	1.59	2.38	2.08	2.04	1.85
1.56	1.78	2.05	1.78	2.07	1.48	1.96	1.94	2.04	1.85	1.54	1.7	1.98	1.77	1.84	1.59	2.38	2.08	2.04	1.85
1.56	1.77	2.05	1.78	2.07	1.48	1.96	1.94	2.04	1.85	1.54	1.7	1.98	1.77	1.84	1.59	2.38	2.08	2.04	1.85
1.55	1.77	2.05	1.78	2.07	1.48	1.96	1.94	2.04	1.85	1.54	1.7	1.98	1.77	1.84	1.59	2.38	2.08	2.04	1.85
1.55	1.77	2.05	1.78	2.07	1.48	1.96	1.94	2.04	1.85	1.54	1.7	1.98	1.77	1.84	1.59	2.38	2.08	2.04	1.85
1.55	1.77	2.04	1.78	2.07	1.48	1.96	1.94	2.04	1.86	1.54	1.7	1.98	1.77	1.84	1.59	2.38	2.08	2.04	1.85
1.55	1.77	2.03	1.78	2.07	1.48	1.96	1.94	2.04	1.86	1.54	1.7	1.98	1.77	1.84	1.59	2.38	2.08	2.04	1.85
1.55	1.77	2.03	1.78	2.07	1.48	1.96	1.94	2.04	1.86	1.54	1.7	1.98	1.77	1.84	1.59	2.38	2.08	2.04	1.85
1.54	1.77	2.03	1.78	2.07	1.48	1.96	1.94	2.04	1.86	1.54	1.7	1.98	1.77	1.84	1.59	2.38	2.08	2.04	1.85
1.54	1.77	2.03	1.78	2.07	1.48	1.96	1.94	2.04	1.86	1.54	1.7	1.98	1.77	1.84	1.59	2.38	2.08	2.04	1.85
1.54	1.76	2.03	1.78	2.07	1.48	1.96	1.94	2.04	1.86	1.54	1.7	1.98	1.77	1.84	1.59	2.38	2.08	2.04	1.85
1.54	1.76	2.03	1.78	2.07	1.48	1.96	1.94	2.04	1.86	1.54	1.7	1.98	1.77	1.84	1.59	2.38	2.08	2.04	1.85
1.54	1.76	2.02	1.78	2.07	1.48	1.96	1.94	2.04	1.86	1.54	1.7	1.98	1.77	1.84	1.59	2.38	2.08	2	1.85
1.54	1.76	2.02	1.78	2.07	1.48	1.96	1.94	2.04	1.85	1.54	1.7	1.98	1.77	1.84	1.59	2.38	2.08	2	1.85
1.54	1.76	2.02	1.78	2.07	1.48	1.96	1.94	2.04	1.85	1.54	1.7	1.98	1.77	1.84	1.59	2.38	2.08	2	1.85
1.54	1.76	2.02	1.78	2.07	1.48	1.96	1.94	2.04	1.85	1.54	1.7	1.98	1.77	1.84	1.59	2.38	2.08	2	1.85
1.54	1.76	2.02	1.78	2.07	1.48	1.99	1.94	2.03	1.85	1.54	1.7	1.98	1.77	1.84	1.59	2.38	2.08	2	1.85
1.54	1.76	2.02	1.78	2.07	1.48	1.99	1.94	2.03	1.85	1.54	1.8	1.98	1.77	1.84	1.59	2.38	2.08	2	1.85
1.54	1.76	2.01	1.78	2.07	1.48	1.99	1.94	2.02	1.84	1.54	1.8	1.98	1.77	1.84	1.59	2.38	2.08	2	1.85
1.54	1.76	2	1.78	2.07	1.48	1.99	1.94	2.02	1.84	1.52	1.8	1.98	1.77	1.84	1.59	2.38	2.08	2	1.85
1.54	1.76	2	1.78	2.07	1.48	1.99	1.94	2.01	1.84	1.52	1.8	1.98	1.77	1.84	1.59	2.38	2.08	2	1.85
1.54	1.76	2	1.79	2.07	1.48	1.99	1.94	2.01	1.84	1.52	1.8	1.98	1.77	1.84	1.56	2.38	2.08	2	1.85
1.54	1.76	2	1.79	2.07	1.48	1.99	1.94	2.01	1.84	1.52	1.8	1.98	1.77	1.84	1.53	2.38	2.08	2	1.85
1.54	1.76	2	1.79	2.07	1.48	1.99	1.94	2	1.84	1.52	1.8	1.98	1.77	1.84	1.5	2.38	2.08	2	1.85
1.59	1.76	2	1.79	2.07	1.48	1.99	1.94	2	1.84	1.52	1.8	1.98	1.77	1.84	1.48	2.38	2.08	2	1.85
1.59	1.76	1.99	1.79	2.07	1.48	1.99	1.94	2	1.84	1.52	1.8	1.98	1.77	1.84	1.48	2.38	2.08	2	1.85
1.59	1.76	1.99	1.79	2.07	1.48	1.99	1.94	2	1.84	1.64	1.8	1.98	1.77	1.84	1.48	2.38	2.08	2	1.85
1.59	1.76	1.99	1.79	2.07	1.49	1.99	1.94	2	1.84	1.64	1.8	1.98	1.77	1.84	1.48	2.38	2.08	2	1.85
1.59	1.76	1.99	1.79	2.07	1.49	1.99	1.94	2	1.84	1.64	1.8	1.98	1.77	1.84	1.48	2.38	2.08	2	1.85
1.59	1.76	1.98	1.79	2.07	1.49	1.99	1.94	2	1.84	1.64	1.8	1.98	1.77	1.84	1.48	2.38	2.08	2	1.85
1.59	1.76	1.98	1.79	2.07	1.49	1.99	1.94	2	1.84	1.64	1.8	1.98	1.77	1.84	1.49	2.38	2.08	2	1.85
1.59	1.76	1.98	1.79	2.06	1.49	1.99	1.94	2	1.84	1.64	1.8	1.98	1.77	1.84	1.46	2.38	2.08	2	1.85
1.59	1.76	1.98	1.79	2.06	1.49	1.99	1.94	2	1.84	1.64	1.8	1.98	1.77	1.83	1.47	2.38	2.08	2	1.82
1.59	1.76	1.98	1.79	2.06	1.49	1.99	1.94	2	1.92	1.64	1.8	1.98	1.77	1.83	1.47	2.38	2.08	2	1.82
1.6	1.76	1.98	1.79	2.06	1.49	1.99	1.94	2	1.92	1.64	1.8	1.98	1.77	1.83	1.47	2.38	2.08	2	1.82
1.6	1.76	1.98	1.79	2.06	1.49	1.99	1.94	2	1.92	1.64	1.8	1.98	1.77	1.83	1.47	2.38	2.08	2	1.82
1.6	1.76	1.98	1.79	2.06	1.49	1.99	1.94	2	1.92	1.64	1.8	1.98	1.77	1.83	1.47	2.38	2.08	2	1.82
1.6	1.76	1.98	1.79	2.06	1.49	1.99	1.94	2	1.92	1.64	1.8	1.98	1.76	1.83	1.47	2.38	2.08	2	1.82
1.6	1.76	1.98	1.79	2.06	1.49	1.99	1.95	2	1.92	1.64	1.8	1.98	1.76	1.83	1.47	2.38	2.08	2	1.82
1.6	1.76	1.98	1.79	2.06	1.49	1.99	1.95	2	1.91	1.64	1.8	1.98	1.76	1.83	1.47	2.38	2.08	2	1.82
1.6	1.76	1.98	1.79	2.06	1.5	1.99	1.95	2	1.91	1.64	1.8	1.98	1.76	1.83	1.47	2.38	2.08	2	1.82
1.6	1.76	1.98	1.79	2.06	1.5	1.99	1.95	2	1.91	1.64	1.8	1.98	1.76	1.83	1.47	2.38	2.08	2	1.82
1.6	1.76	1.98	1.79	2.06	1.5	1.99	1.95	2	1.91	1.64	1.8	1.98	1.76	1.83	1.47	2.38	2.08	2	1.82
1.6	1.76	1.98	1.79	2.06	1.5	1.99	1.95	2	1.91	1.64	1.8	1.98	1.76	1.83	1.47	2.38	2.08	2	1.82
1.61	1.76	1.98	1.79	2.06	1.5	1.99	1.95	2	1.91	1.64	1.8	1.98	1.76	1.83	1.47	2.38	2.08	1.95	1.82
1.61	1.76	1.98	1.79	2.06	1.5	1.99	1.95	2	1.9	1.64	1.8	1.98	1.76	1.83	1.47	2.38	2.08	1.95	1.82
1.61	1.76	1.98	1.79	2.06	1.5	1.99	1.95	2	1.9	1.64	1.8	1.98	1.76	1.83	1.47	2.38	2.08	1.95	1.82
1.61	1.76	1.98	1.79	2.06	1.5	1.99	1.95	2	1.9	1.64	1.8	1.98	1.76	1.83	1.47	2.38	2.08	1.95	1.82
1.61	1.76	1.98	1.79	2.06	1.51	1.99	1.95	2	1.9	1.64	1.8	1.98	1.76	1.83	1.47	2.38	2.08	1.95	1.82
1.61	1.76	1.98	1.79	2.06	1.51	1.99	1.95	1.99	1.89	1.64	1.8	1.98	1.76	1.83	1.47	2.38	2.08	1.95	1.82
1.61	1.76	1.98	1.79	2.06	1.51	1.99	1.95	1.99	1.89	1.64	1.8	1.98	1.76	1.83	1.47	2.38	2.08	1.95	1.82
1.61	1.76	1.98	1.79	2.06	1.51	1.99	1.95	1.99	1.88	1.64	1.8	1.98	1.76	1.83	1.47	2.38	2.08	1.95	1.82
1.61	1.76	1.98	1.79	2.06	1.5	1.99	1.95	1.99	1.87	1.64	1.8	1.98	1.76	1.83	1.47	2.38	2.08	1.95	1.82
1.61	1.76	1.98	1.79	2.06	1.5	1.99	1.95	1.99	1.86	1.64	1.8	1.98	1.76	1.83	1.47	2.38	2.08	1.95	1.82
1.61	1.76	1.98	1.79	2.06	1.5	1.99	1.95	1.99	1.85	1.64	1.8	1.98	1.76	1.83	1.47	2.38	2.08	1.95	1.82
1.61	1.76	1.98	1.79	2.06	1.5	1.99	1.95	1.99	1.85	1.64	1.8	1.98	1.76	1.83	1.47	2.38	2.08	1.94	1.82
1.61	1.76	1.98	1.79	2.06	1.5	1.99	1.95	1.99	1.85	1.61	1.8	1.98	1.76	1.83	1.47	2.38	2.08	1.94	1.82
1.61	1.76	1.98	1.79	2.06	1.5	2.01	1.95	1.99	1.84	1.61	1.8	1.98	1.76	1.89	1.47	2.38	2.08	1.94	1.82
1.61	1.76	1.98	1.79	2.1	1.5	2.01	1.95	1.99	1.84	1.61	1.8	1.98	1.76	1.89	1.47	2.38	2.08	1.94	1.82
1.61	1.76	1.98	1.79	2.1	1.5	2.01	1.95	2.07	1.83	1.61	1.8	1.98	1.76	1.89	1.47	2.38	2.08	1.94	1.82
1.61	1.76	1.98	1.79	2.1	1.49	2.01	1.95	2.07	1.82	1.61	1.8	1.98	1.76	1.95	1.47	2.38	2.08	1.94	1.82
1.61	1.76	1.98	1.8	2.14	1.49	2.01	1.95	2.07	1.82	1.61	1.8	1.98	1.76	1.95	1.47	2.38	2.08	1.94	1.82
1.61	1.76	1.98	1.8	2.14	1.49	2.01	1.95	2.07	1.81	1.61	1.8	1.98	1.76	2.01	1.47	2.38	2.08	1.94	1.82
1.61	1.76	1.98	1.8	2.14	1.49	2.01	1.95	2.07	1.81	1.61	1.8	1.98	1.76	2.01	1.47	2.38	2.08	1.94	1.82
1.61	1.76	1.98	1.8	2.14	1.49	2.01	1.95	2.07	1.81	1.61	1.8	1.98	1.76	2.01	1.47	2.38	2.08	1.94	1.82
1.61	1.76	1.98	1.8	2.14	1.49	2.01	1.95	2.07	1.81	1.61	1.8	1.98	1.76	2.01	1.47	2.38	2.08	1.94	1.82
1.61	1.76	1.98	1.8	2.14	1.49	2.01	1.95	2.07	1.81	1.61	1.8	1.98	1.76	2.01	1.47	2.38	2.08	1.94	1.82
1.61	1.76	1.98	1.8	2.14	1.49	2.01	1.95	2.06	1.81	1.61	1.8	1.98	1.76	2.01	1.47	2.38	2.08	1.94	1.82
1.61	1.76	1.98	1.8	2.14	1.49	2.01	1.95	2.06	1.81	1.61	1.8	1.95	1.76	2.01	1.47	2.38	2.08	1.94	1.82
1.61	1.76	1.98	1.8	2.13	1.49	2.01	1.95	2.06	1.81	1.61	1.8	1.95	1.76	2.01	1.46	2.38	2.08	1.91	1.82
1.61	1.76	1.98	1.8	2.13	1.48	2.01	1.95	2.06	1.81	1.61	1.8	1.95	1.76	2.01	1.46	2.38	2.08	1.91	1.82
1.61	1.76	1.98	1.79	2.13	1.48	2.01	1.95	2.05	1.81	1.61	1.8	1.95	1.76	2.01	1.46	2.38	2.08	1.91	1.82
1.61	1.76	1.98	1.79	2.13	1.48	2.01	1.95	2.04	1.81	1.61	1.8	1.95	1.76	2.01	1.46	2.38	2.08	1.91	1.82
1.61	1.76	1.98	1.79	2.13	1.48	2.01	1.95	2.04	1.81	1.61	1.8	1.95	1.76	2.01	1.46	2.38	2.08	1.91	1.82
1.61	1.76	1.98	1.79	2.12	1.48	2.01	1.95	2.03	1.81	1.61	1.77	1.95	1.76	2.01	1.46	2.38	2.08	1.91	1.82
1.62	1.76	1.98	1.79	2.12	1.48	2.01	1.95	2.03	1.81	1.61	1.75	1.95	1.76	2.01	1.46	2.38	2.08	1.9	1.82
1.62	1.76	1.98	1.79	2.11	1.48	2.01	1.95	2.03	1.81	1.61	1.75	1.95	1.76	2.01	1.46	2.38	2.08	1.9	1.82
1.62	1.76	1.98	1.79	2.11	1.47	2.01	1.95	2.02	1.81	1.61	1.75	1.95	1.76	2.01	1.46	2.38	2.08	1.9	1.82
1.62	1.76	1.98	1.78	2.11	1.47	2.01	1.95	2.02	1.81	1.61	1.75	1.95	1.76	2.01	1.46	2.38	2.08	1.9	1.82
1.62	1.76	1.98	1.78	2.11	1.47	2.01	1.95	2.02	1.81	1.61	1.75	1.95	1.76	2.01	1.46	2.38	2.08	1.9	1.82
1.62	1.76	1.98	1.78	2.11	1.47	2.01	1.95	2.02	1.81	1.61	1.75	1.95	1.76	2.01	1.46	2.38	2.08	1.9	1.82
1.62	1.76	1.98	1.78	2.11	1.47	2.01	1.95	2.01	1.81	1.61	1.75	1.95	1.76	2.01	1.46	2.38	2.08	1.9	1.82
1.62	1.76	1.98	1.77	2.11	1.47	2.01	1.95	2	1.81	1.61	1.75	1.95	1.76	2.01	1.46	2.38	2.08	1.9	1.82
1.62	1.76	1.98	1.77	2.11	1.47	2.01	1.95	2	1.81	1.61	1.75	1.95	1.76	2.01	1.46	2.38	2.08	1.9	1.82
1.62	1.76	1.98	1.77	2.11	1.47	2.01	1.95	1.99	1.81	1.61	1.75	1.95	1.76	2.01	1.46	2.38	2.08	1.9	1.79
1.62	1.76	1.98	1.77	2.11	1.47	2.01	1.95	1.99	1.81	1.61	1.75	1.95	1.76	2.01	1.46	2.38	2.08	1.9	1.79
1.62	1.76	1.98	1.76	2.1	1.46	2.01	1.95	1.98	1.81	1.61	1.75	1.95	1.76	2.01	1.46	2.23	2.08	1.9	1.9
1.62	1.76	1.98	1.76	2.1	1.46	2.01	1.96	1.98	1.81	1.61	1.75	1.95	1.76	2.01	1.46	2.23	2.08	1.9	1.9
1.63	1.76	1.98	1.76	2.1	1.46	2.01	1.96	1.98	1.81	1.61	1.84	1.95	1.76	2.01	1.46	2.23	2.08	1.9	1.9
1.63	1.76	1.97	1.76	2.1	1.46	2.01	1.97	1.97	1.81	1.61	1.84	1.95	1.76	2.01	1.46	2.23	2.08	1.9	1.9
1.63	1.76	1.97	1.76	2.1	1.46	2.01	1.97	1.97	1.81	1.61	1.84	1.95	1.76	2.01	1.46	2.23	2.08	1.9	1.9
1.63	1.76	1.97	1.76	2.1	1.46	2.01	1.97	1.97	1.81	1.61	1.84	1.95	1.76	2.01	1.46	2.23	2.08	1.9	1.9
1.63	1.76	1.97	1.76	2.1	1.46	2.01	1.97	1.97	1.81	1.61	1.84	1.95	1.76	2.01	1.46	2.23	2.08	1.9	1.9
1.63	1.76	1.97	1.76	2.1	1.46	2.01	1.97	1.97	1.81	1.61	1.84	1.95	1.76	2.01	1.46	2.23	2.08	1.88	1.9
1.63	1.76	1.97	1.76	2.1	1.46	2.01	1.97	1.96	1.81	1.61	1.84	1.95	1.76	2.01	1.46	2.23	2.08	1.88	1.9
1.63	1.76	1.97	1.76	2.1	1.46	2.01	1.97	1.96	1.81	1.61	1.84	1.95	1.76	2.01	1.46	2.23	2.08	1.88	1.9
1.63	1.76	1.97	1.76	2.1	1.46	2.01	1.97	1.96	1.81	1.61	1.84	1.95	1.76	2.01	1.46	2.23	2.08	1.88	1.9
1.63	1.76	1.96	1.76	2.09	1.46	2.01	1.97	1.96	1.82	1.61	1.84	1.95	1.76	2.01	1.46	2.23	2.08	1.88	1.9
1.64	1.76	1.96	1.76	2.09	1.46	2.01	1.97	1.96	1.82	1.61	1.84	1.95	1.76	2.01	1.46	2.23	2.08	1.88	1.9
1.64	1.76	1.96	1.76	2.08	1.46	2.01	1.97	1.96	1.82	1.61	1.84	1.95	1.76	2.01	1.46	2.23	2.08	1.86	1.9
1.64	1.76	1.96	1.76	2.08	1.46	2.01	1.97	1.95	1.82	1.61	1.84	1.95	1.76	2.01	1.44	2.23	2.08	1.86	1.9
1.64	1.76	1.96	1.76	2.08	1.46	2.01	1.97	1.95	1.82	1.61	1.84	1.95	1.76	2.01	1.55	2.23	2.08	1.86	1.9
1.64	1.76	1.96	1.76	2.08	1.46	2.01	1.97	1.94	1.82	1.62	1.84	1.95	1.76	2.01	1.55	2.23	2.08	1.86	1.9
1.64	1.76	1.95	1.76	2.08	1.46	2.01	1.97	1.94	1.82	1.62	1.82	1.95	1.76	2.01	1.55	2.23	2.08	1.86	1.9
1.64	1.76	1.95	1.76	2.08	1.46	2.01	1.97	1.93	1.82	1.62	1.82	1.95	1.74	2.01	1.55	2.23	2.08	1.86	1.87
1.68	1.76	1.94	1.76	2.08	1.46	2.01	1.97	1.93	1.82	1.62	1.82	1.95	1.74	2.01	1.55	2.23	2.08	1.86	1.87
1.68	1.76	1.94	1.76	2.07	1.46	2.01	1.97	1.93	1.82	1.72	1.82	1.95	1.74	2.01	1.55	2.23	2.08	1.86	1.87
1.68	1.76	1.94	1.76	2.07	1.46	2.01	1.97	1.93	1.82	1.72	1.82	1.95	1.74	2.01	1.55	2.23	2.08	1.86	1.87
1.68	1.76	1.94	1.76	2.07	1.47	2.01	1.97	1.93	1.82	1.72	1.82	1.95	1.74	2.01	1.55	2.23	2.08	1.86	1.87
1.68	1.76	1.94	1.76	2.07	1.47	2.01	1.97	1.93	1.82	1.72	1.82	1.95	1.74	2.01	1.55	2.23	2.08	1.86	1.87
1.68	1.76	1.94	1.76	2.07	1.47	2.01	1.97	1.93	1.82	1.72	1.82	1.95	1.74	2.01	1.55	2.23	2.08	1.86	1.87
1.68	1.76	1.94	1.76	2.07	1.47	2.01	1.97	1.93	1.82	1.72	1.82	1.95	1.74	2.01	1.55	2.23	2.08	1.86	1.87
1.68	1.76	1.94	1.76	2.07	1.47	2.01	1.97	1.92	1.82	1.72	1.82	1.95	1.74	2.01	1.55	2.23	2.08	1.86	1.87
1.68	1.77	1.94	1.76	2.07	1.47	2.01	1.97	1.92	1.82	1.72	1.82	1.95	1.74	2.01	1.55	2.23	2.08	1.86	1.87
1.68	1.77	1.94	1.76	2.07	1.47	2.01	1.97	1.92	1.82	1.72	1.82	1.95	1.74	2.01	1.55	2.23	2.08	1.86	1.87
1.68	1.77	1.94	1.76	2.07	1.47	2.01	1.97	1.92	1.82	1.72	1.82	1.95	1.74	2.01	1.55	2.23	2.08	1.86	1.87
1.68	1.77	1.94	1.76	2.06	1.47	2.03	1.97	1.99	1.82	1.72	1.82	1.95	1.74	2.01	1.55	2.23	2.08	1.86	1.87
1.68	1.77	1.94	1.76	2.06	1.47	2.03	1.97	1.99	1.82	1.72	1.82	1.95	1.74	2.01	1.55	2.23	2.08	1.86	1.87
1.68	1.77	1.94	1.76	2.06	1.47	2.03	1.97	1.99	1.82	1.72	1.82	1.95	1.74	2.01	1.55	2.23	2.08	1.86	1.87
1.68	1.77	1.94	1.76	2.05	1.47	2.03	1.97	1.99	1.82	1.7	1.82	1.95	1.74	2.01	1.55	2.23	2.08	1.99	1.87
1.68	1.77	1.94	1.76	2.05	1.47	2.03	1.97	1.99	1.82	1.68	1.82	1.95	1.74	2.01	1.55	2.23	2.08	1.99	1.87
1.68	1.77	1.94	1.77	2.05	1.47	2.03	1.97	1.99	1.82	1.68	1.82	1.95	1.74	2.01	1.55	2.23	2.08	1.95	1.87
1.68	1.77	1.94	1.77	2.04	1.47	2.03	1.97	1.99	1.82	1.68	1.82	1.95	1.74	2.01	1.55	2.23	2.08	1.95	1.87
1.68	1.77	1.94	1.77	2.04	1.47	2.03	1.97	1.99	1.82	1.68	1.82	1.95	1.74	2.01	1.55	2.23	2.08	1.95	1.87
1.69	1.77	1.94	1.77	2.03	1.47	2.03	1.97	1.99	1.82	1.68	1.82	1.95	1.74	2.01	1.55	2.23	2.08	1.95	1.87
1.69	1.77	1.94	1.77	2.03	1.47	2.03	1.97	1.99	1.82	1.68	1.82	1.95	1.81	2.01	1.55	2.23	2.08	1.94	1.87
1.69	1.77	1.94	1.77	2.03	1.47	2.03	1.97	1.98	1.82	1.68	1.79	1.95	1.81	2.01	1.55	2.23	2.08	1.94	1.87
1.69	1.77	1.94	1.77	2.03	1.47	2.03	1.97	1.98	1.82	1.68	1.79	1.95	1.81	2.01	1.55	2.23	2.08	1.94	1.87
1.69	1.77	1.94	1.77	2.03	1.47	2.03	1.97	1.98	1.82	1.68	1.79	1.95	1.81	2.01	1.55	2.23	2.08	1.94	1.87
1.69	1.77	1.94	1.77	2.03	1.47	2.03	1.97	1.98	1.82	1.68	1.79	1.95	1.81	2.01	1.55	2.23	2.08	1.94	1.87
1.69	1.77	1.94	1.77	2.03	1.47	2.03	1.97	1.98	1.82	1.68	1.77	1.95	1.81	2.01	1.55	2.23	2.08	1.94	1.87
1.69	1.77	1.94	1.77	2.03	1.47	2.03	1.97	1.98	1.82	1.68	1.77	1.95	1.81	2	1.53	2.23	2.08	1.94	1.87
1.69	1.77	1.94	1.77	2.03	1.47	2.03	1.97	1.98	1.82	1.68	1.75	1.95	1.81	2	1.53	2.23	2.08	1.94	1.87
1.69	1.77	1.94	1.77	2.02	1.47	2.03	1.97	1.98	1.82	1.68	1.75	1.91	1.81	2	1.53	2.23	2.08	1.93	1.87
1.69	1.77	1.94	1.77	2.02	1.47	2.03	1.97	1.98	1.82	1.68	1.75	1.91	1.81	2	1.53	2.23	2.08	1.93	1.87
1.69	1.77	1.94	1.77	2.02	1.47	2.03	1.97	1.98	1.82	1.68	1.75	1.91	1.81	2	1.53	2.23	2.08	1.93	1.87
1.69	1.77	1.94	1.77	2.01	1.47	2.03	1.97	1.98	1.82	1.68	1.75	1.91	1.81	2	1.53	2.23	2.08	1.93	1.87
1.69	1.77	1.94	1.77	2.01	1.47	2.03	1.97	1.98	1.82	1.68	1.75	1.91	1.81	2	1.53	2.23	2.08	1.93	1.87
1.69	1.77	1.94	1.77	2.01	1.47	2.03	1.97	1.98	1.82	1.68	1.75	1.91	1.81	2	1.53	2.23	2.08	1.93	1.87
1.69	1.77	1.94	1.77	2.01	1.47	2.03	1.97	1.98	1.82	1.68	1.75	1.91	1.81	2	1.53	2.23	2.08	1.93	1.87
1.69	1.77	1.94	1.77	2.01	1.47	2.03	1.97	1.98	1.82	1.68	1.75	1.91	1.81	2	1.53	2.23	2.08	1.93	1.87
1.69	1.77	1.94	1.77	2.01	1.47	2.03	1.97	1.98	1.82	1.68	1.75	1.91	1.81	2	1.53	2.23	2.08	1.93	1.87
1.69	1.77	1.94	1.77	2.01	1.47	2.03	1.97	1.98	1.82	1.68	1.75	1.91	1.81	2	1.53	2.23	2.08	1.93	1.87
1.69	1.77	1.94	1.77	2.01	1.47	2.03	1.97	1.98	1.82	1.68	1.75	1.91	1.81	2	1.53	2.23	2.08	1.93	1.87
1.69	1.77	1.94	1.77	2.01	1.47	2.03	1.97	1.98	1.82	1.68	1.75	1.9	1.81	2	1.53	2.23	2.08	1.93	1.87
1.69	1.77	1.94	1.77	2.01	1.47	2.03	1.97	1.98	1.82	1.68	1.75	1.9	1.81	2	1.53	2.23	2.08	1.93	1.87
1.69	1.78	1.94	1.77	2	1.47	2.03	1.97	1.98	1.82	1.68	1.75	1.9	1.81	2	1.53	2.23	2.08	1.93	1.87
1.69	1.78	1.94	1.77	2	1.47	2.03	1.97	1.98	1.82	1.68	1.75	1.9	1.81	2	1.53	2.23	2.08	1.93	1.87
1.69	1.78	1.93	1.77	2	1.47	2.03	1.97	1.98	1.82	1.68	1.75	1.9	1.81	2	1.53	2.23	2.08	1.93	1.87
1.69	1.78	1.93	1.77	2	1.47	2.03	1.97	1.98	1.82	1.68	1.75	1.9	1.81	2	1.53	2.23	2.08	1.93	1.87
1.69	1.78	1.93	1.77	2	1.47	2.03	1.97	1.98	1.82	1.68	1.75	1.9	1.81	2	1.53	2.23	2.08	1.93	1.87
1.69	1.78	1.93	1.77	2	1.47	2.03	1.97	1.98	1.83	1.68	1.75	1.9	1.81	1.99	1.53	2.23	2.08	1.93	1.87
1.69	1.78	1.93	1.77	2	1.47	2.03	1.97	1.98	1.83	1.68	1.75	1.9	1.81	1.99	1.53	2.23	2.08	1.93	1.87
1.69	1.78	1.93	1.77	2	1.47	2.03	1.97	1.98	1.83	1.68	1.75	1.9	1.81	1.99	1.53	2.23	2.08	1.93	1.87
1.69	1.78	1.93	1.77	1.99	1.47	2.03	1.97	1.98	1.83	1.68	1.75	1.9	1.81	1.99	1.53	2.23	2.08	1.93	1.87
1.7	1.78	1.93	1.77	1.99	1.47	2.03	1.97	1.98	1.83	1.68	1.75	1.9	1.81	1.99	1.53	2.23	2.08	1.93	1.87
1.7	1.78	1.93	1.77	1.99	1.47	2.03	1.97	1.98	1.83	1.68	1.75	1.9	1.81	1.99	1.53	2.23	2.08	1.93	1.87
1.7	1.78	1.93	1.77	1.99	1.47	2.03	1.97	1.98	1.83	1.68	1.75	1.9	1.81	1.99	1.53	2.23	2.08	1.93	1.87
1.7	1.78	1.92	1.77	1.99	1.47	2.03	1.97	1.98	1.83	1.68	1.75	1.9	1.81	1.99	1.53	2.23	2.08	1.93	1.87
1.7	1.78	1.92	1.77	1.98	1.47	2.03	1.97	1.98	1.83	1.68	1.75	1.9	1.81	1.99	1.53	2.23	2.08	1.93	1.87
1.7	1.78	1.91	1.77	1.98	1.47	2.03	1.97	1.98	1.83	1.68	1.75	1.9	1.81	1.99	1.53	2.23	2.08	1.93	1.87
1.7	1.78	1.91	1.77	1.98	1.47	2.03	1.97	1.98	1.83	1.68	1.75	1.9	1.81	1.99	1.53	2.23	2.08	1.93	1.87
1.7	1.78	1.91	1.77	1.98	1.47	2.03	1.97	1.98	1.83	1.68	1.75	1.9	1.81	1.99	1.53	2.23	2.08	1.93	1.87
1.7	1.78	1.91	1.77	1.98	1.47	2.03	1.97	1.98	1.83	1.68	1.75	1.9	1.81	1.99	1.53	2.23	2.08	1.93	1.87
1.7	1.78	1.91	1.77	1.98	1.47	2.03	1.97	1.98	1.83	1.68	1.75	1.9	1.81	1.99	1.53	2.23	2.08	1.93	1.87
1.7	1.78	1.91	1.77	1.98	1.47	2.03	1.97	1.98	1.83	1.68	1.75	1.9	1.81	1.99	1.53	2.23	2.08	1.93	1.87
1.7	1.78	1.91	1.77	1.98	1.47	2.03	1.97	1.98	1.83	1.68	1.75	1.9	1.81	1.99	1.51	2.23	2.08	1.93	1.87
1.7	1.78	1.91	1.77	1.98	1.47	2.03	1.97	1.98	1.83	1.68	1.75	1.9	1.81	1.99	1.49	2.23	2.08	1.93	1.84
1.7	1.78	1.91	1.77	1.98	1.47	2.03	1.97	1.98	1.83	1.68	1.75	1.9	1.81	1.99	1.46	2.23	2.08	1.93	1.84
1.7	1.78	1.91	1.77	1.98	1.47	2.03	1.97	1.97	1.83	1.68	1.75	1.9	1.81	1.99	1.46	2.23	2.08	1.93	1.84
1.7	1.78	1.91	1.77	1.98	1.47	2.03	1.97	1.97	1.83	1.68	1.75	1.9	1.81	1.99	1.47	2.23	2.08	1.93	1.84
1.7	1.78	1.91	1.77	1.98	1.47	2.03	1.97	1.96	1.83	1.68	1.75	1.9	1.81	1.99	1.47	2.23	2.08	1.93	1.84
1.7	1.78	1.91	1.77	1.98	1.47	2.03	1.97	1.96	1.83	1.68	1.75	1.9	1.81	1.99	1.47	2.23	2.08	1.93	1.84
1.7	1.78	1.9	1.77	1.98	1.47	2.03	1.97	1.96	1.83	1.68	1.75	1.9	1.81	1.99	1.47	2.23	2.08	1.93	1.84
1.7	1.78	1.9	1.77	1.98	1.48	2.03	1.97	1.96	1.84	1.68	1.75	1.9	1.81	1.99	1.47	2.23	2.08	1.93	1.84
1.7	1.78	1.9	1.77	1.98	1.48	2.03	1.97	1.96	1.84	1.68	1.75	1.9	1.81	1.99	1.47	2.23	2.08	1.93	1.84
1.7	1.78	1.9	1.77	1.98	1.48	2.03	1.97	1.96	1.84	1.68	1.75	1.9	1.81	1.99	1.47	2.23	2.08	1.93	1.82
1.7	1.78	1.9	1.77	1.98	1.48	2.03	1.97	1.96	1.84	1.68	1.75	1.9	1.81	1.99	1.47	2.23	2.08	1.93	1.82
1.7	1.78	1.9	1.77	1.98	1.48	2.03	1.97	1.96	1.84	1.68	1.75	1.9	1.81	1.99	1.47	2.23	2.08	1.93	1.82
1.7	1.78	1.9	1.77	1.98	1.48	2.03	1.97	1.96	1.84	1.68	1.75	1.9	1.81	1.99	1.47	2.23	2.08	1.93	1.81
1.7	1.78	1.9	1.77	1.98	1.48	2.03	1.97	1.95	1.84	1.68	1.75	1.9	1.81	1.99	1.47	2.23	2.08	1.93	1.81
1.7	1.78	1.9	1.77	1.98	1.48	2.03	1.97	1.95	1.84	1.68	1.75	1.9	1.8	1.99	1.47	2.23	2.08	1.93	1.81
1.7	1.79	1.9	1.77	1.98	1.48	2.03	1.97	1.95	1.84	1.68	1.75	1.9	1.78	1.99	1.47	2.23	2.08	1.93	1.81
1.7	1.79	1.9	1.77	1.98	1.48	2.03	1.97	1.95	1.84	1.68	1.75	1.87	1.76	1.99	1.58	2.23	2.08	1.93	1.81
1.7	1.79	1.9	1.77	1.98	1.48	2.03	1.97	1.95	1.84	1.68	1.75	1.87	1.76	1.99	1.58	2.23	2.08	1.93	1.81
1.7	1.79	1.9	1.77	1.98	1.48	2.03	1.97	1.94	1.84	1.68	1.75	1.87	1.76	1.99	1.58	2.23	2.08	1.93	1.81
1.71	1.79	1.9	1.77	1.98	1.48	2.03	1.97	1.94	1.84	1.68	1.75	1.87	1.76	1.99	1.58	2.23	2.08	1.93	1.81
1.71	1.79	1.9	1.77	1.98	1.48	2.03	1.97	1.94	1.84	1.68	1.75	1.86	1.76	1.99	1.58	2.23	2.08	1.93	1.81
1.71	1.79	1.9	1.77	1.98	1.48	2.03	1.97	1.94	1.84	1.68	1.75	1.86	1.76	1.99	1.58	2.23	2.08	1.93	1.81
1.71	1.79	1.9	1.77	1.98	1.48	2.03	1.97	1.93	1.84	1.68	1.75	1.86	1.76	1.99	1.58	2.23	2.08	1.93	1.81
1.71	1.79	1.9	1.77	1.98	1.48	2.03	1.97	1.92	1.84	1.68	1.75	1.86	1.76	1.99	1.58	2.23	2.08	1.93	1.81
1.71	1.79	1.9	1.77	1.98	1.48	2.03	1.97	1.92	1.84	1.68	1.75	1.86	1.76	1.99	1.58	2.23	2.08	1.93	1.81
1.71	1.79	1.9	1.77	1.98	1.48	2.03	1.97	1.92	1.84	1.68	1.75	1.86	1.76	1.99	1.58	2.23	2.08	1.93	1.81
1.71	1.79	1.9	1.77	1.98	1.48	2.03	1.97	1.92	1.84	1.68	1.75	1.86	1.76	1.99	1.58	2.23	2.08	1.93	1.81
1.71	1.79	1.9	1.77	1.98	1.48	2.03	1.97	1.92	1.84	1.68	1.75	1.86	1.76	1.99	1.58	2.23	2.08	1.93	1.81
1.71	1.79	1.9	1.77	1.98	1.48	2.03	1.97	1.92	1.84	1.68	1.75	1.86	1.76	1.99	1.58	2.23	2.08	1.93	1.81
1.71	1.79	1.9	1.77	1.98	1.48	2.03	1.97	1.92	1.84	1.68	1.75	1.86	1.76	1.99	1.58	2.23	2.08	1.93	1.81
1.71	1.79	1.9	1.77	1.98	1.48	2.03	1.97	1.92	1.84	1.68	1.75	1.86	1.76	1.99	1.58	2.23	2.08	1.93	1.81
1.71	1.79	1.9	1.77	1.98	1.49	2.03	1.97	1.92	1.84	1.68	1.75	1.86	1.76	1.99	1.58	2.23	2.08	1.93	1.81
1.71	1.79	1.9	1.77	1.98	1.49	2.03	1.97	1.92	1.84	1.68	1.75	1.86	1.76	1.99	1.58	2.23	2.08	1.93	1.81
1.71	1.79	1.9	1.77	1.98	1.49	2.03	1.97	1.92	1.84	1.68	1.75	1.86	1.76	1.99	1.58	2.23	2.08	1.93	1.81
1.71	1.79	1.9	1.77	1.98	1.49	2.03	1.97	1.92	1.84	1.68	1.75	1.86	1.76	1.99	1.58	2.23	2.08	1.93	1.81
1.71	1.79	1.9	1.77	1.98	1.49	2.03	1.97	1.92	1.84	1.68	1.75	1.86	1.76	1.99	1.58	2.23	2.08	1.93	1.81
1.71	1.79	1.9	1.77	1.98	1.49	2.03	1.97	1.92	1.84	1.68	1.75	1.86	1.76	1.99	1.58	2.23	2.08	1.93	1.81
1.71	1.79	1.9	1.77	1.98	1.49	2.03	1.97	1.92	1.84	1.68	1.75	1.86	1.76	1.99	1.58	2.1	2.08	1.93	1.8
1.71	1.79	1.9	1.77	1.98	1.49	2.03	1.97	1.92	1.84	1.68	1.75	1.86	1.76	1.99	1.58	2.1	2.08	1.93	1.8
1.71	1.79	1.9	1.77	1.98	1.49	2.03	1.97	1.92	1.84	1.68	1.75	1.86	1.76	1.99	1.58	2.1	2.08	1.93	1.8
1.71	1.79	1.9	1.77	1.98	1.49	2.03	1.97	1.92	1.84	1.68	1.75	1.86	1.76	1.99	1.58	2.1	2.08	1.93	1.8
1.71	1.79	1.9	1.77	1.98	1.49	2.03	1.97	1.92	1.84	1.68	1.75	1.86	1.76	1.99	1.58	2.1	2.08	1.93	1.8
1.71	1.79	1.9	1.77	1.98	1.49	2.03	1.97	1.92	1.84	1.68	1.75	1.85	1.76	1.99	1.58	2.1	2.08	1.93	1.8
1.71	1.79	1.9	1.77	1.98	1.49	2.03	1.97	1.92	1.84	1.68	1.75	1.85	1.76	1.99	1.58	2.1	2.08	1.93	1.8
1.71	1.79	1.9	1.77	1.98	1.49	2.03	1.97	1.92	1.84	1.68	1.75	1.85	1.76	1.99	1.58	2.1	2.08	1.93	1.8
1.71	1.79	1.9	1.77	1.98	1.49	2.03	1.97	1.92	1.84	1.68	1.75	1.85	1.76	1.99	1.58	2.1	2.08	1.93	1.8
1.71	1.79	1.9	1.77	1.98	1.49	2.03	1.97	1.92	1.84	1.68	1.75	1.85	1.76	1.99	1.58	2.1	2.08	1.93	1.8
1.71	1.79	1.9	1.77	1.98	1.49	2.03	1.97	1.92	1.85	1.68	1.75	1.85	1.76	1.99	1.58	2.1	2.08	1.9	1.8
1.71	1.79	1.9	1.77	1.98	1.49	2.03	1.97	1.92	1.85	1.68	1.75	1.85	1.76	1.99	1.58	2.1	2.08	2	1.8
1.71	1.79	1.9	1.77	1.98	1.49	2.03	1.97	1.92	1.85	1.68	1.75	1.85	1.76	1.99	1.58	2.1	2.08	2	1.8
1.71	1.79	1.9	1.77	1.98	1.49	2.03	1.97	1.92	1.85	1.68	1.75	1.85	1.76	1.99	1.58	2.1	2.08	2	1.8
1.71	1.79	1.9	1.77	1.98	1.49	2.03	1.99	1.92	1.85	1.68	1.75	1.85	1.76	1.99	1.58	2.1	2.08	2	1.8
1.71	1.79	1.9	1.77	1.98	1.49	2.03	1.99	1.92	1.85	1.68	1.75	1.85	1.76	1.99	1.58	2.1	2.08	2	1.8
1.71	1.79	1.9	1.77	1.98	1.49	2.03	1.99	1.92	1.85	1.68	1.74	1.85	1.76	1.99	1.58	2.1	2.08	2	1.8
1.71	1.79	1.9	1.77	1.98	1.49	2.03	1.99	1.92	1.85	1.68	1.74	1.85	1.76	1.99	1.58	2.1	2.08	2	1.8
1.71	1.79	1.9	1.77	1.98	1.49	2.03	1.99	1.92	1.85	1.68	1.74	1.85	1.76	1.99	1.58	2.1	2.08	2	1.8
1.71	1.79	1.9	1.77	1.98	1.49	2.03	1.99	1.92	1.85	1.68	1.74	1.85	1.76	1.99	1.58	2.1	2.08	2	1.8
1.71	1.79	1.9	1.77	1.98	1.49	2.03	1.99	1.92	1.85	1.68	1.74	1.85	1.76	1.99	1.58	2.1	2.08	2	1.8
1.71	1.79	1.9	1.77	1.98	1.49	2.03	1.99	1.92	1.85	1.68	1.74	1.85	1.76	1.99	1.58	2.1	2.08	2	1.8
1.71	1.79	1.9	1.77	1.98	1.49	2.03	1.99	1.92	1.85	1.68	1.74	1.85	1.76	1.99	1.58	2.1	2.08	2	1.8
1.71	1.79	1.9	1.77	1.98	1.49	2.03	1.99	1.92	1.85	1.68	1.74	1.85	1.76	1.99	1.58	2.1	2.08	2	1.8
1.71	1.79	1.9	1.77	1.98	1.49	2.03	1.99	1.92	1.85	1.68	1.74	1.84	1.76	1.99	1.58	2.1	2.08	2	1.8
1.71	1.79	1.9	1.77	1.98	1.49	2.03	1.99	1.92	1.85	1.68	1.74	1.84	1.76	1.99	1.58	2.1	2.08	2	1.8
1.71	1.79	1.9	1.77	1.98	1.49	2.03	1.99	1.92	1.85	1.68	1.74	1.84	1.76	1.99	1.56	2.1	2.08	2	1.8
1.72	1.79	1.9	1.77	1.98	1.49	2.03	1.99	1.92	1.85	1.68	1.74	1.84	1.76	1.99	1.53	2.1	2.08	2	1.8
1.72	1.79	1.9	1.77	1.98	1.49	2.03	1.99	1.92	1.85	1.68	1.74	1.84	1.76	1.99	1.51	2.1	2.08	2	1.8
1.72	1.79	1.9	1.77	1.98	1.49	2.03	1.99	1.92	1.85	1.68	1.74	1.84	1.76	1.99	1.5	2.1	2.08	2	1.8
1.72	1.79	1.9	1.78	1.98	1.49	2.03	1.99	1.92	1.85	1.68	1.74	1.84	1.76	1.99	1.48	2.1	2.08	2	1.8
1.72	1.79	1.9	1.78	1.98	1.49	2.03	1.99	1.92	1.85	1.68	1.74	1.84	1.76	1.99	1.48	2.1	2.08	2	1.8
1.72	1.79	1.9	1.78	1.98	1.49	2.03	1.99	1.92	1.85	1.68	1.74	1.84	1.76	1.99	1.48	2.1	2.08	2	1.8
1.72	1.79	1.9	1.78	1.98	1.49	2.03	1.99	1.92	1.85	1.68	1.74	1.84	1.76	1.99	1.48	2.1	2.08	2	1.8
1.72	1.78	1.9	1.78	1.98	1.49	2.03	1.99	1.92	1.85	1.68	1.74	1.84	1.76	1.99	1.48	2.1	2.08	2	1.8
1.72	1.78	1.9	1.78	1.98	1.49	2.03	1.99	1.92	1.85	1.68	1.74	1.84	1.76	1.99	1.48	2.1	2.08	1.97	1.8
1.72	1.78	1.89	1.78	1.98	1.49	2.03	1.99	1.92	1.85	1.68	1.74	1.84	1.75	1.99	1.48	2.1	2.08	1.95	1.79
1.72	1.78	1.89	1.78	1.98	1.49	2.03	1.99	1.92	1.85	1.68	1.74	1.84	1.75	1.99	1.48	2.1	2.08	1.95	1.79
1.72	1.78	1.89	1.78	1.98	1.5	2.03	1.99	1.92	1.85	1.68	1.74	1.84	1.75	1.99	1.48	2.1	2.08	1.92	1.79
1.72	1.77	1.89	1.78	1.98	1.5	2.03	1.99	1.92	1.85	1.68	1.74	1.84	1.75	1.99	1.48	2.1	2.08	1.92	1.79
1.72	1.77	1.89	1.78	1.98	1.5	2.03	1.99	1.92	1.85	1.68	1.74	1.84	1.75	1.99	1.48	2.1	2.08	1.91	1.79
1.72	1.77	1.88	1.78	1.98	1.5	2.03	1.99	1.92	1.85	1.68	1.74	1.84	1.75	1.99	1.48	2.1	2.08	1.91	1.79
1.72	1.77	1.88	1.78	1.98	1.5	2.03	1.99	1.92	1.85	1.68	1.74	1.84	1.75	1.99	1.49	2.1	2.08	1.91	1.79
1.72	1.77	1.88	1.78	1.98	1.5	2.03	1.99	1.92	1.85	1.68	1.74	1.84	1.75	1.99	1.49	2.1	2.08	1.91	1.79
1.72	1.77	1.88	1.78	1.98	1.5	2.03	1.99	1.92	1.85	1.68	1.74	1.84	1.75	1.99	1.49	2.1	2.08	1.91	1.79
1.72	1.77	1.88	1.78	1.99	1.5	2.03	1.99	1.92	1.85	1.68	1.74	1.84	1.75	1.99	1.49	2.1	2.08	1.91	1.79
1.72	1.77	1.88	1.78	1.99	1.5	2.03	1.99	1.92	1.85	1.68	1.74	1.84	1.75	1.99	1.49	2.1	2.08	1.91	1.79
1.72	1.77	1.88	1.78	1.99	1.5	2.03	1.99	1.92	1.85	1.68	1.74	1.84	1.75	1.99	1.49	2.1	2.08	1.91	1.79
1.72	1.77	1.87	1.78	1.99	1.5	2.03	1.99	1.92	1.85	1.68	1.74	1.84	1.75	1.99	1.49	2.1	2.08	1.9	1.79
1.72	1.77	1.87	1.78	1.99	1.5	2.03	1.99	1.92	1.85	1.68	1.74	1.84	1.75	1.99	1.49	2.1	2.08	1.9	1.79
1.72	1.77	1.87	1.78	1.99	1.5	2.03	1.99	1.92	1.85	1.68	1.74	1.84	1.75	1.99	1.49	2.1	2.08	1.9	1.79
1.72	1.77	1.87	1.78	1.99	1.51	2.03	1.99	1.92	1.85	1.68	1.74	1.84	1.75	1.99	1.49	2.1	2.08	1.9	1.79
1.72	1.77	1.87	1.78	1.99	1.51	2.03	1.99	1.92	1.85	1.68	1.74	1.84	1.75	1.99	1.49	2.1	2.08	1.9	1.79
1.72	1.77	1.87	1.78	1.99	1.51	2.03	1.99	1.92	1.85	1.68	1.74	1.84	1.75	1.99	1.49	2.1	2.08	1.9	1.79
1.72	1.77	1.87	1.78	1.99	1.51	2.03	1.99	1.92	1.85	1.68	1.74	1.84	1.75	1.99	1.49	2.1	2.08	1.9	1.79
1.72	1.77	1.86	1.78	1.99	1.51	2.03	1.99	1.92	1.85	1.68	1.74	1.84	1.75	1.97	1.5	2.1	2.08	1.9	1.79
1.72	1.77	1.86	1.78	1.99	1.51	2.03	1.99	1.92	1.85	1.68	1.74	1.84	1.75	2.03	1.5	2.1	2.08	1.9	1.79
1.72	1.77	1.86	1.78	1.99	1.51	2.03	1.99	1.92	1.85	1.68	1.74	1.84	1.75	2.03	1.5	2.1	2.08	1.9	1.79
1.72	1.77	1.86	1.78	1.99	1.51	2.03	1.99	1.92	1.85	1.68	1.74	1.84	1.75	2.03	1.5	2.1	2.08	1.9	1.79
1.72	1.77	1.86	1.78	1.99	1.51	2.03	1.99	1.92	1.85	1.68	1.74	1.84	1.75	2.03	1.5	2.1	2.08	1.89	1.79
1.72	1.77	1.86	1.79	1.99	1.51	2.03	1.99	1.92	1.85	1.68	1.74	1.84	1.75	2.03	1.5	2.1	2.08	1.89	1.79
1.72	1.77	1.86	1.79	1.99	1.51	2.03	1.99	1.92	1.85	1.68	1.74	1.84	1.75	2.03	1.5	2.1	2.08	1.89	1.79
1.72	1.77	1.86	1.79	1.99	1.51	2.03	1.99	1.92	1.85	1.68	1.74	1.83	1.75	2.03	1.5	2.1	2.08	1.89	1.79
1.72	1.77	1.86	1.79	1.99	1.51	2.03	1.99	1.92	1.85	1.68	1.74	1.83	1.75	2.03	1.5	2.1	2.08	1.89	1.79
1.73	1.77	1.85	1.79	1.99	1.51	2.03	2	1.92	1.85	1.68	1.74	1.83	1.75	2.03	1.5	2.1	2.08	1.89	1.79
1.73	1.77	1.85	1.79	1.99	1.51	2.03	2	1.92	1.85	1.68	1.74	1.83	1.75	2.03	1.5	2.1	2.08	1.89	1.79
1.73	1.77	1.85	1.79	1.99	1.51	2.03	2	1.92	1.85	1.68	1.74	1.83	1.75	2.03	1.5	2.1	2.08	1.89	1.79
1.73	1.77	1.85	1.79	1.99	1.51	2.03	2	1.92	1.85	1.68	1.74	1.83	1.75	2.03	1.5	2.1	2.08	1.89	1.79
1.73	1.77	1.85	1.79	1.99	1.51	2.03	2	1.92	1.85	1.68	1.74	1.83	1.75	2.03	1.5	2.1	2.08	1.89	1.79
1.73	1.77	1.85	1.79	1.99	1.52	2.03	2	1.92	1.85	1.68	1.74	1.83	1.75	2.03	1.5	2.1	2.08	1.89	1.79
1.73	1.77	1.85	1.79	1.99	1.52	2.03	2	1.92	1.85	1.68	1.74	1.83	1.75	2.03	1.5	2.1	2.08	1.89	1.79
1.73	1.77	1.85	1.79	1.99	1.52	2.03	2	1.92	1.85	1.68	1.74	1.83	1.75	2.03	1.5	2.1	2.08	1.89	1.79
1.73	1.77	1.85	1.79	1.99	1.52	2.03	2	1.92	1.85	1.68	1.74	1.83	1.75	2.03	1.5	2.1	2.08	1.89	1.79
1.73	1.77	1.85	1.79	1.99	1.52	2.03	2	1.92	1.85	1.68	1.74	1.83	1.75	2.03	1.51	2.1	2.08	1.89	1.79
1.73	1.77	1.85	1.78	1.99	1.52	2.03	2	1.92	1.85	1.68	1.74	1.83	1.75	2.03	1.51	2.1	1.99	1.89	1.79
1.73	1.78	1.85	1.78	1.99	1.52	2.03	2	1.92	1.85	1.68	1.74	1.83	1.75	2.03	1.51	2.1	1.99	1.89	1.79
1.73	1.78	1.85	1.78	1.99	1.52	2.03	2	1.92	1.85	1.68	1.74	1.83	1.75	2.03	1.51	2.1	1.99	1.88	1.79
1.73	1.78	1.85	1.78	1.99	1.52	2.03	2	1.91	1.86	1.68	1.74	1.83	1.75	2.03	1.51	2.1	2.28	1.88	1.79
1.73	1.78	1.85	1.78	1.99	1.52	2.03	2	1.9	1.86	1.68	1.74	1.83	1.75	2.03	1.51	2.1	2.28	1.88	1.79
1.73	1.78	1.85	1.78	1.99	1.52	2.03	2	1.9	1.86	1.68	1.74	1.83	1.75	2.03	1.51	2.1	2.28	1.88	1.79
1.73	1.78	1.85	1.78	1.99	1.52	2.03	2	1.9	1.86	1.68	1.74	1.83	1.75	2.03	1.51	2.1	2.28	1.88	1.79
1.73	1.78	1.85	1.77	1.99	1.52	2.03	2	1.9	1.86	1.68	1.74	1.83	1.75	2.03	1.51	2.1	2.28	1.88	1.79
1.73	1.78	1.85	1.77	1.99	1.52	2.03	2	1.9	1.86	1.68	1.74	1.83	1.75	2.03	1.51	2.1	2.28	1.88	1.79
1.73	1.78	1.85	1.77	1.99	1.52	2.03	2	1.89	1.86	1.68	1.74	1.83	1.75	2.03	1.51	2.1	2.28	1.88	1.79
1.73	1.78	1.84	1.77	1.99	1.53	2.03	2	1.89	1.86	1.68	1.74	1.83	1.75	2.03	1.51	2.1	2.28	1.88	1.79
1.73	1.78	1.84	1.77	1.99	1.53	2.03	2	1.89	1.86	1.68	1.74	1.83	1.75	2.03	1.51	2.1	2.28	1.88	1.79
1.73	1.78	1.84	1.77	1.99	1.53	2.03	2	1.89	1.86	1.68	1.74	1.83	1.75	2.03	1.51	2.1	2.28	1.88	1.79
1.73	1.78	1.84	1.77	1.99	1.53	2.03	2	1.89	1.86	1.68	1.74	1.83	1.75	2.03	1.51	2.1	2.28	1.88	1.79
1.73	1.78	1.84	1.77	1.99	1.53	2.03	2	1.88	1.86	1.68	1.74	1.83	1.75	2.03	1.51	2.1	2.28	1.88	1.79
1.73	1.78	1.84	1.77	1.99	1.53	2.03	2	1.88	1.86	1.68	1.74	1.83	1.75	2.03	1.51	2.1	2.28	1.88	1.79
1.73	1.78	1.84	1.77	1.99	1.53	2.03	2	1.88	1.86	1.68	1.74	1.83	1.75	2.03	1.51	1.98	2.28	1.87	1.79
1.73	1.78	1.84	1.77	1.99	1.53	2.27	2	1.88	1.86	1.69	1.74	1.83	1.75	2.03	1.51	1.98	2.28	1.87	1.78
1.73	1.78	1.83	1.76	1.99	1.53	2.49	2	1.88	1.86	1.69	1.74	1.83	1.75	2.03	1.51	1.98	2.28	1.87	1.78
1.73	1.78	1.83	1.76	1.99	1.54	2.49	2	1.88	1.86	1.69	1.74	1.83	1.75	2.01	1.51	1.98	2.28	1.87	1.78
1.73	1.78	1.83	1.76	1.99	1.54	2.49	2	1.88	1.86	1.69	1.74	1.83	1.75	2	1.51	1.98	2.28	1.87	1.78
1.73	1.78	1.83	1.76	1.99	1.54	2.49	2	1.88	1.86	1.69	1.74	1.83	1.75	1.98	1.51	2.35	2.28	1.87	1.78
1.73	1.78	1.83	1.75	1.99	1.54	2.49	2	1.87	1.86	1.69	1.74	1.83	1.75	1.98	1.51	2.35	2.28	1.87	1.78
1.73	1.78	1.83	1.75	1.99	1.54	2.49	2	1.87	1.86	1.69	1.74	1.83	1.75	1.98	1.51	2.32	2.28	1.87	1.78
1.73	1.78	1.83	1.75	1.99	1.54	2.49	2	1.87	1.86	1.69	1.74	1.83	1.75	1.98	1.51	2.29	2.28	1.87	1.78
1.73	1.78	1.83	1.75	1.99	1.54	2.47	2	1.87	1.86	1.69	1.74	1.83	1.75	1.97	1.51	2.29	2.28	1.87	1.78
1.73	1.78	1.83	1.75	1.99	1.54	2.45	2	1.87	1.86	1.69	1.74	1.83	1.75	1.97	1.51	2.29	2.28	1.87	1.78
1.73	1.78	1.83	1.75	1.99	1.54	2.44	2	1.87	1.86	1.69	1.74	1.83	1.75	1.97	1.51	2.29	2.28	1.87	1.78
1.73	1.78	1.83	1.75	1.99	1.53	2.43	2	1.87	1.86	1.69	1.74	1.83	1.75	1.97	1.51	2.29	2.28	1.87	1.78
1.73	1.78	1.83	1.75	1.99	1.53	2.41	2	1.87	1.86	1.69	1.74	1.83	1.75	1.97	1.51	2.29	2.28	1.87	1.78
1.73	1.78	1.83	1.75	1.99	1.53	2.41	2	1.87	1.86	1.69	1.74	1.83	1.75	1.97	1.51	2.26	2.28	1.87	1.78
1.73	1.78	1.83	1.75	1.99	1.53	2.41	2	1.87	1.86	1.69	1.74	1.83	1.75	1.97	1.51	2.24	2.28	1.87	1.78
1.73	1.78	1.83	1.75	1.99	1.53	2.4	2	1.87	1.86	1.69	1.74	1.83	1.75	1.97	1.51	2.24	2.28	1.87	1.78
1.73	1.78	1.83	1.75	1.99	1.53	2.4	2	1.87	1.86	1.69	1.74	1.83	1.75	1.97	1.51	2.24	2.28	1.87	1.78
1.73	1.78	1.83	1.75	1.99	1.53	2.39	2	1.87	1.86	1.69	1.74	1.83	1.75	1.97	1.51	2.24	2.28	1.87	1.78
1.73	1.78	1.83	1.75	1.99	1.53	2.38	2	1.87	1.86	1.69	1.74	1.83	1.75	1.97	1.51	2.24	2.28	1.87	1.78
1.73	1.78	1.83	1.75	1.99	1.53	2.38	2	1.87	1.86	1.69	1.74	1.83	1.75	1.97	1.51	2.22	2.28	1.87	1.78
1.73	1.78	1.83	1.75	1.99	1.53	2.38	2	1.87	1.86	1.69	1.74	1.83	1.75	1.97	1.51	2.2	2.28	1.87	1.78
1.73	1.78	1.83	1.75	1.99	1.53	2.37	2	1.87	1.86	1.69	1.74	1.83	1.75	1.97	1.51	2.2	2.28	1.87	1.78
1.72	1.78	1.83	1.75	1.99	1.53	2.36	2	1.87	1.85	1.69	1.74	1.83	1.75	1.97	1.51	2.2	2.28	1.87	1.78
1.72	1.78	1.83	1.75	1.99	1.53	2.36	2	1.87	1.85	1.69	1.74	1.83	1.75	1.97	1.51	2.2	2.28	1.87	1.78
1.72	1.78	1.83	1.75	1.99	1.53	2.36	2	1.87	1.85	1.69	1.74	1.83	1.75	1.97	1.51	2.2	2.28	1.87	1.78
1.72	1.78	1.83	1.75	1.99	1.53	2.36	2	1.87	1.85	1.69	1.74	1.83	1.75	1.97	1.51	2.2	2.28	1.87	1.78
1.72	1.78	1.83	1.75	1.99	1.52	2.35	2	1.87	1.85	1.69	1.74	1.83	1.75	1.97	1.51	2.2	2.28	1.87	1.78
1.72	1.78	1.83	1.75	1.99	1.52	2.34	2	1.87	1.85	1.69	1.74	1.83	1.75	1.97	1.51	2.2	2.28	1.87	1.78
1.71	1.78	1.83	1.75	1.99	1.52	2.34	2	1.87	1.85	1.69	1.74	1.83	1.75	2.02	1.51	2.2	2.28	1.87	1.78
1.71	1.78	1.83	1.75	1.99	1.52	2.33	2	1.87	1.85	1.69	1.74	1.83	1.75	2.02	1.51	2.2	2.28	1.87	1.78
1.71	1.78	1.83	1.75	1.99	1.52	2.32	2	1.87	1.85	1.69	1.74	1.83	1.75	2.02	1.51	2.2	2.28	1.87	1.78
1.71	1.78	1.83	1.75	1.99	1.52	2.32	2	1.87	1.84	1.69	1.74	1.83	1.75	2.02	1.51	2.2	2.28	1.87	1.78
1.71	1.78	1.83	1.75	1.99	1.52	2.32	2	1.86	1.84	1.69	1.74	1.83	1.75	2.02	1.51	2.2	2.28	1.87	1.78
1.71	1.78	1.83	1.75	1.99	1.52	2.32	2	1.86	1.83	1.69	1.74	1.83	1.75	2.02	1.51	2.2	2.28	1.87	1.78
1.71	1.79	1.83	1.75	1.99	1.52	2.31	2	1.86	1.83	1.69	1.74	1.83	1.75	2.01	1.51	2.2	2.28	1.87	1.78
1.71	1.79	1.83	1.75	1.99	1.52	2.31	2	1.86	1.83	1.69	1.74	1.83	1.75	2.01	1.51	2.2	2.28	1.87	1.78
1.71	1.79	1.83	1.75	1.99	1.52	2.3	2	1.86	1.82	1.69	1.74	1.83	1.74	2.01	1.51	2.2	2.28	1.87	1.78
1.71	1.79	1.83	1.75	1.99	1.52	2.29	2	1.86	1.82	1.69	1.74	1.83	1.74	2.01	1.51	2.2	2.28	1.87	1.78
1.71	1.79	1.83	1.75	1.99	1.52	2.29	2	1.86	1.82	1.69	1.74	1.83	1.74	2.01	1.51	2.2	2.28	1.87	1.78
1.71	1.79	1.83	1.75	1.99	1.52	2.29	2	1.86	1.82	1.69	1.74	1.83	1.74	2.01	1.51	2.18	2.28	1.87	1.78
1.71	1.79	1.83	1.75	1.99	1.51	2.29	2	1.86	1.81	1.69	1.74	1.83	1.74	2.01	1.51	2.18	2.28	1.87	1.78
1.71	1.79	1.83	1.75	1.99	1.51	2.29	2	1.86	1.81	1.69	1.74	1.83	1.74	2.01	1.51	2.16	2.28	1.87	1.78
1.7	1.79	1.83	1.75	1.99	1.51	2.29	2	1.86	1.81	1.69	1.74	1.83	1.74	2.01	1.51	2.14	2.28	1.87	1.78
1.7	1.79	1.83	1.75	1.99	1.51	2.29	2	1.86	1.81	1.69	1.74	1.8	1.74	2.01	1.51	2.14	2.28	1.87	1.78
1.7	1.79	1.83	1.75	1.99	1.51	2.29	2	1.86	1.8	1.69	1.74	1.8	1.74	2.01	1.51	2.13	2.28	1.87	1.78
1.7	1.79	1.83	1.75	1.99	1.51	2.28	2	1.86	1.8	1.69	1.74	1.8	1.74	2.01	1.51	2.13	2.28	1.87	1.78
1.7	1.79	1.83	1.75	1.99	1.51	2.27	2	1.86	1.8	1.69	1.74	1.8	1.74	2.01	1.51	2.13	2.28	1.87	1.78
1.7	1.79	1.83	1.75	1.99	1.51	2.27	2	1.86	1.8	1.69	1.74	1.8	1.74	2.01	1.51	2.12	2.28	1.87	1.78
1.7	1.79	1.83	1.75	1.99	1.51	2.27	2	1.86	1.8	1.69	1.74	1.8	1.74	2.01	1.51	2.12	2.28	1.87	1.78
1.7	1.79	1.83	1.75	1.99	1.52	2.26	2	1.86	1.8	1.69	1.74	1.8	1.74	2.01	1.51	2.12	2.28	1.87	1.78
1.7	1.79	1.83	1.75	1.99	1.52	2.26	2	1.86	1.8	1.69	1.74	1.8	1.74	2.01	1.51	2.12	2.28	1.87	1.77
1.7	1.79	1.83	1.75	1.99	1.52	2.26	2	1.86	1.79	1.69	1.74	1.8	1.74	2.01	1.51	2.12	2.28	1.87	1.77
1.7	1.79	1.83	1.75	1.99	1.52	2.26	2	1.86	1.79	1.69	1.74	1.8	1.74	2.01	1.51	2.12	2.28	1.87	1.77
1.7	1.79	1.83	1.75	1.99	1.52	2.26	2	1.86	1.78	1.69	1.74	1.8	1.74	2.01	1.51	2.1	2.28	1.87	1.77
1.7	1.79	1.83	1.75	1.99	1.52	2.25	2	1.86	1.78	1.69	1.74	1.8	1.74	2.01	1.51	2.1	2.28	1.87	1.77
1.7	1.79	1.83	1.75	1.99	1.52	2.25	2	1.86	1.78	1.69	1.74	1.8	1.74	2.01	1.51	2.1	2.28	1.87	1.77
1.7	1.79	1.83	1.76	1.99	1.52	2.25	2	1.86	1.78	1.69	1.74	1.8	1.74	2.01	1.51	2.09	2.28	1.87	1.77
1.7	1.79	1.83	1.76	1.99	1.52	2.25	2	1.86	1.77	1.69	1.74	1.8	1.74	2.01	1.51	2.09	2.28	1.87	1.77
1.7	1.79	1.83	1.76	1.99	1.51	2.24	2	1.86	1.77	1.69	1.74	1.8	1.74	1.99	1.51	2.09	2.28	1.87	1.77
1.7	1.79	1.83	1.76	1.99	1.51	2.24	2	1.86	1.77	1.69	1.74	1.8	1.74	1.99	1.51	2.09	2.28	1.87	1.77
1.7	1.79	1.83	1.76	1.99	1.51	2.24	2	1.86	1.77	1.69	1.74	1.8	1.74	1.99	1.51	2.09	2.19	1.87	1.77
1.69	1.79	1.83	1.76	1.99	1.51	2.24	2	1.86	1.77	1.69	1.74	1.8	1.74	1.99	1.51	2.08	2.19	1.87	1.77
1.69	1.79	1.83	1.76	1.99	1.51	2.24	2	1.86	1.77	1.69	1.74	1.8	1.74	1.99	1.51	2.08	2.19	1.87	1.77
1.69	1.79	1.82	1.76	1.99	1.51	2.24	2	1.86	1.77	1.69	1.74	1.8	1.74	1.99	1.51	2.07	2.19	1.87	1.77
1.69	1.79	1.82	1.76	1.99	1.51	2.24	2	1.86	1.77	1.69	1.74	1.8	1.74	1.99	1.51	2.07	2.19	1.87	1.77
1.69	1.79	1.82	1.76	1.99	1.51	2.23	2	1.86	1.77	1.69	1.74	1.9	1.74	1.99	1.51	2.07	2.19	1.87	1.77
1.69	1.79	1.82	1.76	1.99	1.51	2.23	2	1.86	1.77	1.69	1.74	1.9	1.74	1.99	1.51	2.07	2.19	1.87	1.77
1.69	1.79	1.82	1.76	1.99	1.51	2.23	2	1.86	1.77	1.69	1.74	1.9	1.74	1.97	1.51	2.07	2.19	1.87	1.77
1.68	1.79	1.82	1.76	1.99	1.51	2.23	2	1.86	1.77	1.69	1.74	1.9	1.74	1.97	1.51	2.06	2.19	1.87	1.77
1.68	1.79	1.82	1.76	1.99	1.51	2.23	2	1.86	1.77	1.69	1.74	1.9	1.74	1.97	1.51	2.05	2.19	1.87	1.77
1.68	1.79	1.82	1.76	1.99	1.51	2.22	2	1.86	1.77	1.69	1.74	1.9	1.74	1.97	1.51	2.05	2.19	1.87	1.77
1.68	1.79	1.82	1.76	1.99	1.51	2.22	2	1.86	1.77	1.69	1.74	1.9	1.74	1.97	1.51	2.05	2.19	1.87	1.77
1.68	1.79	1.82	1.76	1.99	1.51	2.21	2	1.86	1.77	1.69	1.74	1.9	1.74	1.97	1.51	2.05	2.19	1.87	1.77
1.68	1.79	1.82	1.76	1.99	1.51	2.21	2	1.86	1.77	1.69	1.74	1.9	1.74	1.97	1.51	2.05	2.19	1.87	1.77
1.68	1.79	1.82	1.76	1.99	1.51	2.21	2	1.86	1.77	1.69	1.74	1.87	1.74	1.97	1.51	2.05	2.19	1.87	1.77
1.68	1.79	1.82	1.76	1.99	1.51	2.21	2	1.86	1.77	1.69	1.74	1.85	1.74	1.97	1.51	2.05	2.19	1.87	1.77
1.68	1.78	1.82	1.76	1.99	1.51	2.21	2	1.86	1.77	1.69	1.74	1.82	1.74	1.97	1.51	2.05	2.19	1.87	1.77
1.68	1.78	1.82	1.76	1.99	1.51	2.21	2	1.86	1.77	1.69	1.74	1.8	1.74	1.97	1.51	2.05	2.19	1.84	1.77
1.68	1.78	1.82	1.76	1.99	1.51	2.21	2	1.86	1.77	1.69	1.74	1.8	1.74	1.97	1.51	2.05	2.19	1.84	1.77
1.68	1.78	1.82	1.76	1.99	1.51	2.21	2	1.86	1.77	1.69	1.74	1.8	1.74	1.97	1.51	2.05	2.19	1.84	1.77
1.68	1.78	1.82	1.76	1.99	1.51	2.21	2	1.91	1.77	1.67	1.74	1.8	1.74	1.97	1.51	2.05	2.19	1.84	1.76
1.68	1.78	1.82	1.76	1.99	1.51	2.21	2	1.95	1.77	1.67	1.74	1.8	1.74	1.97	1.51	2.05	2.19	1.84	1.76
1.69	1.78	1.82	1.76	1.99	1.51	2.21	2	1.95	1.77	1.67	1.74	1.8	1.74	1.97	1.51	2.04	2.19	1.84	1.76
1.69	1.78	1.82	1.76	1.99	1.51	2.2	2	1.95	1.77	1.67	1.74	1.8	1.74	1.97	1.51	2.04	2.19	1.84	1.76
1.69	1.78	1.82	1.76	1.99	1.51	2.2	2	1.95	1.77	1.67	1.74	1.8	1.74	1.97	1.51	2.04	2.19	1.84	1.76
1.69	1.78	1.82	1.76	1.99	1.51	2.2	2	1.95	1.77	1.67	1.74	1.8	1.74	1.97	1.51	2.04	2.19	1.84	1.76
1.69	1.78	1.82	1.76	1.99	1.51	2.2	2	2	1.77	1.67	1.74	1.8	1.74	1.97	1.51	2.04	2.19	1.84	1.76
1.69	1.78	1.82	1.76	1.99	1.51	2.2	2	2	1.77	1.67	1.74	1.8	1.74	1.97	1.51	2.04	2.19	1.84	1.76
1.69	1.78	1.82	1.76	1.99	1.51	2.2	2	2	1.77	1.67	1.74	1.8	1.74	1.96	1.51	2.04	2.19	1.84	1.76
1.69	1.78	1.82	1.76	1.99	1.51	2.2	2	2	1.77	1.67	1.74	1.8	1.74	1.96	1.51	2.04	2.19	1.84	1.76
1.69	1.78	1.82	1.76	1.99	1.51	2.2	2	2	1.77	1.67	1.74	1.8	1.74	1.96	1.51	2.04	2.19	1.93	1.76
1.69	1.78	1.82	1.76	1.99	1.51	2.19	2	2	1.77	1.67	1.74	1.8	1.74	1.96	1.51	2.04	2.19	1.93	1.76
1.69	1.78	1.82	1.76	1.99	1.51	2.19	2	2	1.77	1.67	1.74	1.8	1.74	1.96	1.51	2.04	2.19	1.93	1.76
1.69	1.78	1.82	1.76	1.99	1.51	2.19	2	2.05	1.77	1.67	1.74	1.8	1.74	1.96	1.51	2.03	2.19	1.93	1.76
1.69	1.78	1.82	1.76	1.99	1.51	2.19	2	2.05	1.77	1.67	1.74	1.8	1.74	1.96	1.51	2.02	2.19	1.93	1.76
1.69	1.77	1.82	1.75	1.99	1.51	2.19	2	2.05	1.77	1.67	1.74	1.89	1.74	1.96	1.5	2.02	2.19	1.93	1.76
1.69	1.77	1.82	1.75	1.99	1.51	2.18	2	2.09	1.77	1.67	1.74	1.89	1.74	1.96	1.5	2.02	2.19	1.93	1.76
1.69	1.77	1.82	1.75	1.99	1.51	2.18	2	2.09	1.77	1.67	1.74	1.89	1.74	1.96	1.5	2.02	2.19	1.93	1.76
1.69	1.77	1.82	1.75	1.99	1.52	2.18	2	2.09	1.77	1.67	1.74	1.89	1.74	1.95	1.5	2.01	2.19	2.01	1.76
1.69	1.77	1.82	1.75	1.99	1.52	2.18	2	2.09	1.77	1.67	1.74	1.87	1.74	1.95	1.5	2.01	2.19	2.01	1.76
1.69	1.77	1.82	1.75	1.99	1.52	2.18	2	2.14	1.77	1.67	1.74	1.84	1.74	1.95	1.5	2.01	2.19	2.01	1.76
1.69	1.77	1.82	1.74	1.99	1.52	2.18	2	2.14	1.77	1.67	1.8	1.82	1.74	1.95	1.5	2.01	2.19	2.01	1.76
1.69	1.77	1.82	1.74	1.99	1.52	2.17	2	2.14	1.77	1.67	1.8	1.82	1.74	1.95	1.5	2.01	2.19	2.01	1.76
1.69	1.77	1.82	1.74	1.98	1.52	2.17	2	2.18	1.77	1.67	1.8	1.82	1.74	1.95	1.5	2.01	2.19	2.01	1.76
1.69	1.77	1.83	1.74	1.98	1.52	2.17	2	2.18	1.77	1.67	1.78	1.82	1.74	1.95	1.5	2.01	2.19	2.01	1.76
1.69	1.77	1.83	1.74	1.98	1.52	2.17	2	2.18	1.77	1.67	1.78	1.82	1.74	1.95	1.5	2.01	2.19	2.01	1.76
1.7	1.77	1.83	1.74	1.98	1.52	2.17	2	2.18	1.77	1.67	1.78	1.82	1.74	1.95	1.5	2	2.19	2.01	1.76
1.7	1.77	1.83	1.74	1.98	1.52	2.17	2	2.22	1.77	1.67	1.78	1.82	1.74	1.95	1.5	1.99	2.19	2.01	1.76
1.7	1.77	1.83	1.74	1.98	1.52	2.17	2	2.22	1.77	1.67	1.78	1.82	1.74	1.95	1.5	1.99	2.19	2.1	1.76
1.7	1.77	1.83	1.74	1.98	1.52	2.17	2	2.27	1.77	1.67	1.78	1.82	1.74	1.95	1.5	1.99	2.19	2.1	1.75
1.7	1.77	1.83	1.74	1.98	1.52	2.17	2	2.31	1.77	1.67	1.78	1.82	1.74	1.95	1.5	1.98	2.19	2.1	1.75
1.7	1.77	1.82	1.74	1.98	1.52	2.17	2	2.31	1.77	1.67	1.78	1.82	1.74	1.95	1.5	1.98	2.19	2.1	1.75
1.7	1.77	1.82	1.74	1.98	1.52	2.17	2	2.31	1.77	1.67	1.78	1.82	1.74	1.95	1.5	1.98	2.19	2.1	1.75
1.7	1.77	1.82	1.73	1.98	1.52	2.17	2	2.31	1.77	1.67	1.78	1.82	1.74	1.95	1.5	1.98	2.19	2.1	1.75
1.7	1.77	1.82	1.73	1.98	1.53	2.17	2	2.31	1.77	1.67	1.78	1.82	1.74	1.95	1.5	1.97	2.19	2.1	1.75
1.7	1.77	1.82	1.73	1.98	1.53	2.17	2	2.31	1.77	1.67	1.78	1.82	1.74	1.95	1.5	1.97	2.19	2.1	1.75
1.69	1.77	1.82	1.73	1.97	1.53	2.17	2	2.31	1.77	1.67	1.78	1.82	1.74	1.95	1.5	1.97	2.19	2.1	1.75
1.69	1.77	1.82	1.73	1.97	1.53	2.17	2	2.31	1.77	1.67	1.78	1.82	1.74	1.95	1.5	1.97	2.19	2.1	1.75
1.69	1.77	1.82	1.73	1.97	1.53	2.16	2	2.31	1.77	1.67	1.78	1.82	1.74	1.94	1.5	1.97	2.19	2.1	1.75
1.69	1.77	1.81	1.73	1.97	1.53	2.16	2	2.31	1.77	1.67	1.78	1.82	1.74	1.94	1.5	1.97	2.19	2.1	1.75
