2	2	2	2	2	2	2	2	2	2	1	1	1	1	1	1	1	1	1	1
1.9	2	1.9	2	2	2	2	2	2	2	1	1.71	1	1	1	1.71	1.71	1	1	1
1.9	2	1.9	2	1.9	2	2	1.9	2	1.9	0.9	1.71	1.71	1.71	1	0.86	1.71	1	0.9	1
1.9	1	1.9	2	1.9	1.9	1.9	1.9	1	1.9	0.9	1.71	1.71	1.71	1	0.86	1.71	1	0.9	0
4.68	1	1.9	2	1.9	1.9	1.9	1.9	1.45	1.9	0.9	0.86	1.71	1.71	1	0.86	1.71	1	0.9	0
4.68	1	1.9	2	1.9	1.9	1.9	1.9	1.6	1.9	0.9	0.86	1.71	1.71	1.71	0.86	1.71	5.86	0.9	0
3.75	1.45	3.8	2	1.9	1.9	1.9	1.9	1.68	1.9	0.9	0.86	1.71	1.71	1.71	0.86	1.71	5.86	0.9	0
3.75	1.45	3.8	2	1.9	1.9	1.9	1.9	1.72	1.9	0.9	0.86	1.71	1.71	1.71	1.14	1.71	5.86	0.9	0
3.75	1.6	3.8	2	1.9	1.9	1.9	1.9	1.72	1.9	0.9	0.86	1.71	1.71	1.71	1.28	1.71	5.86	0.9	3.67
3.29	1.6	3.8	8.33	1.68	1.9	1.9	1.9	1.72	1.9	0.9	0.86	1.71	1.71	1.71	1.28	1.71	5.86	0.9	3.67
3.29	1.6	4.7	8.33	1.68	1.9	1.9	1.9	1.72	1.9	1.31	1.14	1.71	1.71	1.71	1.37	1.71	5.86	1.31	3.67
3.29	1.6	4.7	8.33	1.68	1.9	1.9	1.9	1.72	1.9	1.44	1.28	0.86	1.71	1.28	1.37	1.71	5.86	1.44	3.67
3.29	1.6	4.7	8.33	1.68	1.9	1.9	1.9	1.72	1.9	1.44	1.28	0.86	1.71	1.28	1.37	0.86	5.86	1.08	3.67
3.01	1.6	4.7	8.33	1.68	1.9	1.9	1.9	1.75	1.9	1.44	1.28	0.86	1.71	1.28	1.37	0.86	5.86	1.08	3.67
3.01	1.68	4.7	4.67	1.72	1.9	1.9	1.9	1.77	1.9	1.51	1.28	0.86	1.71	1.28	1.37	0.86	5.86	1.08	3.67
3.01	1.72	4.7	4.67	1.75	1.9	1.9	1.9	1.77	1.9	1.51	1.28	0.86	1.71	1.28	1.37	0.86	5.86	1.08	3.67
3.01	1.75	4.7	4.67	1.77	1.9	1.9	1.9	1.77	1.9	1.51	1.28	0.86	1.71	1.28	1.37	0.86	5.86	1.08	3.67
3.01	1.77	4.7	4.67	1.79	1.79	1.9	1.9	1.77	1.9	1.51	1.28	0.86	1.71	1.28	1.37	0.86	5.86	1.08	3.67
2.83	1.79	4.7	3.44	1.8	1.8	1.9	1.9	1.79	1.9	1.51	1.28	0.86	1.71	1.28	1.37	0.86	5.86	1.08	3.67
2.69	1.8	3.78	3.44	1.8	1.81	1.9	1.9	1.79	1.9	1.51	1.28	0.86	1.71	1.37	1.37	1.14	5.86	0.86	3.67
2.59	1.81	3.78	3.44	1.8	1.81	1.9	1.9	1.8	1.9	1.51	1.28	0.86	1.71	1.43	1.37	1.14	5.86	0.86	3.67
2.52	1.81	3.78	3.44	1.8	1.81	1.77	1.9	1.8	1.9	1.51	1.28	0.86	1.71	1.43	1.37	1.14	5.86	0.86	3.67
2.52	1.82	3.78	2.83	1.81	1.82	1.79	1.9	1.8	1.9	1.51	1.28	0.86	1.71	1.43	1.37	1.14	5.86	0.86	3.67
2.52	1.83	3.22	2.83	1.81	1.75	1.79	1.9	1.81	1.9	1.51	1.28	0.86	1.71	1.43	1.37	1.28	5.86	0.86	3.67
2.46	1.83	2.85	2.47	1.82	1.76	1.79	1.9	1.81	1.9	1.51	1.28	0.86	1.71	1.43	1.37	1.28	5.86	1.01	3.67
2.46	1.77	2.59	2.22	1.82	1.77	1.8	1.9	1.81	1.9	1.51	1.28	0.86	1.71	1.43	1.37	1.28	5.86	1.01	3.67
2.46	1.77	2.39	2.22	1.82	1.78	1.8	1.9	1.82	1.9	1.51	1.37	0.86	1.71	1.47	1.37	1.28	5.86	1.01	3.67
2.46	1.77	2.39	2.05	1.82	1.78	1.8	1.9	1.82	1.9	1.51	1.37	0.86	1.71	1.47	1.37	1.37	5.86	1.11	3.67
2.46	1.77	2.23	1.92	1.75	1.79	1.81	1.9	1.83	1.9	1.51	1.37	0.86	1.71	1.47	1.37	1.37	5.86	1.11	3.67
2.41	1.77	2.23	1.81	1.76	1.79	1.81	1.9	1.83	1.9	1.51	1.43	0.86	1.71	1.47	1.37	1.37	5.86	1.18	3.67
2.36	1.77	2.11	1.81	1.76	1.79	1.81	1.9	1.83	1.9	1.51	1.43	0.86	1.71	1.47	1.37	1.43	5.86	1.18	3.67
2.36	1.77	2.11	1.73	1.76	1.95	1.82	1.9	1.84	1.9	1.51	1.43	0.86	1.71	1.47	1.37	1.43	5.86	1.18	3.67
2.36	1.78	2.01	1.73	2.07	1.95	1.75	1.9	1.84	1.9	1.55	1.43	0.86	1.71	1.47	1.37	1.43	5.86	1.18	3.67
2.36	1.79	2.01	1.73	2.07	1.95	1.75	1.9	1.84	1.9	1.55	1.43	0.86	1.71	1.47	1.37	1.47	5.86	1.18	3.67
2.36	1.79	2.01	1.67	2.07	1.95	1.76	1.9	1.84	1.9	1.58	1.43	0.86	1.71	1.47	1.37	1.47	5.86	1.18	3.67
2.33	1.74	1.93	1.67	2.07	1.95	1.77	1.9	1.84	1.9	1.58	1.43	0.86	1.71	1.47	1.37	1.47	5.86	1.18	3.67
2.33	1.74	1.85	1.67	2.07	1.95	1.78	1.9	1.84	1.9	1.58	1.47	0.86	1.71	1.59	1.37	1.47	5.86	1.24	3.67
2.33	1.75	1.85	1.67	2.51	1.95	1.78	1.9	1.85	1.9	1.59	1.47	0.86	1.71	1.59	1.43	1.47	5.86	1.24	3.67
2.3	1.76	1.85	1.67	2.51	1.95	1.79	1.9	1.85	1.9	1.59	1.47	0.86	1.71	1.59	1.43	1.47	5.86	1.29	3.67
2.3	1.76	1.79	1.67	2.51	1.95	1.79	1.9	1.85	1.9	1.61	1.5	0.86	1.71	1.59	1.43	1.47	5.86	1.29	3.67
2.27	1.76	1.74	1.67	2.51	1.95	1.79	1.9	1.85	1.9	1.61	1.5	0.86	1.71	1.59	1.43	1.47	5.86	1.29	3.67
2.27	1.76	1.69	1.67	2.51	1.9	1.8	1.9	1.81	1.9	1.62	1.5	0.86	1.71	1.59	1.43	1.47	5.86	1.29	3.67
2.27	1.77	1.69	1.67	2.51	1.9	1.8	1.9	1.81	1.9	1.62	1.5	0.86	1.71	2.36	1.47	1.47	5.86	1.33	3.67
2.19	1.77	1.65	1.67	2.65	1.9	1.81	1.9	1.81	1.9	1.62	1.5	0.86	1.71	2.36	1.47	1.47	5.86	1.33	3.67
2.19	1.77	1.65	1.67	2.65	1.9	1.81	1.9	1.82	1.9	1.62	1.5	0.86	1.71	2.36	1.28	1.47	5.86	1.33	3.67
2.19	1.77	1.65	1.67	2.55	1.9	1.81	1.9	1.82	1.9	1.62	1.52	0.86	1.71	2.36	1.28	1.47	5.86	1.33	3.67
2.19	1.77	1.65	1.67	2.55	1.9	1.81	1.9	1.82	1.9	1.63	1.52	0.86	1.71	2.36	1.28	1.47	5.86	1.33	3.67
2.19	1.78	1.65	1.67	2.46	1.9	1.81	1.9	1.82	1.9	1.63	1.52	0.86	1.71	2.36	1.28	1.47	5.86	1.33	3.67
2.17	1.78	1.65	1.67	2.39	1.9	1.81	1.9	1.83	1.9	1.63	1.52	0.86	1.71	2.36	1.33	1.47	5.86	1.33	3.67
2.17	1.79	1.65	1.67	2.32	1.9	1.81	1.9	1.83	1.9	1.63	1.52	2.41	1.71	2.36	1.33	1.47	5.86	1.33	3.67
2.17	1.79	1.65	1.67	2.32	1.9	1.82	1.9	1.83	1.9	1.64	1.54	2.41	1.28	2.36	1.33	1.47	5.86	1.33	3.67
2.17	1.79	1.65	1.67	2.32	1.9	1.82	1.9	1.83	1.9	1.64	1.54	2.41	1.51	2.36	1.33	1.47	5.86	1.36	3.67
2.16	1.79	1.65	1.67	2.32	1.9	1.82	1.9	1.83	1.9	1.64	1.54	2.41	1.55	2.13	1.33	1.47	5.86	1.36	3.67
2.15	1.79	1.65	1.67	2.32	1.9	1.82	1.9	1.83	1.9	1.64	1.55	2.41	1.55	2.13	1.33	1.5	5.86	1.36	3.67
2.15	1.79	1.65	2.26	2.32	1.9	1.83	1.9	1.83	1.9	1.64	1.55	2.41	1.55	2.13	1.33	1.5	5.86	1.36	3.67
2.15	1.79	1.65	2.26	2.26	1.9	1.83	1.9	1.83	1.9	1.64	1.55	2.41	1.67	2.13	1.33	1.5	5.86	1.36	3.67
2.09	1.8	1.65	2.26	2.2	1.9	1.83	1.9	1.83	1.9	1.64	1.55	2.41	1.67	2.13	1.37	1.5	5.86	1.36	3.67
2.08	1.8	1.65	2.23	2.2	1.9	1.83	1.9	1.83	1.9	1.64	1.55	2.41	1.67	2.13	1.37	1.52	5.86	1.36	3.67
2.08	1.8	1.65	2.23	2.15	1.9	1.83	1.9	1.83	1.9	1.65	1.55	2.41	2.2	2.13	1.37	1.54	2.93	1.36	3.67
2.08	1.77	1.65	2.23	2.15	1.9	1.83	1.9	1.83	1.9	1.65	1.55	2.41	2.3	2.13	1.37	1.54	2.93	1.36	3.67
2.08	1.78	1.65	2.23	2.15	1.9	1.83	1.9	1.83	1.9	1.65	1.55	2.41	2.3	2.13	1.37	1.54	2.93	1.36	3.67
2.07	1.78	1.65	2.23	2.15	1.9	1.83	1.9	1.83	1.9	1.65	1.55	2.41	2.3	2.13	1.37	1.55	2.93	1.36	3.67
2.06	1.78	1.65	2.23	2.1	1.9	1.83	1.9	1.83	1.9	1.65	1.55	2.41	2.3	2.13	1.37	1.55	2.93	1.36	3.67
2.06	1.78	1.65	2.23	2.1	1.9	1.84	1.9	1.83	1.9	1.65	1.55	2.41	2.3	2.13	1.4	1.55	2.93	1.38	3.67
2.05	1.78	1.65	2.23	2.1	1.9	1.84	1.9	1.8	1.9	1.65	1.55	2.41	2.3	2.13	1.43	1.57	2.93	1.38	3.67
2.04	1.78	1.65	2.23	2.1	1.9	1.84	1.9	1.8	1.9	1.65	1.57	2.41	2.3	2.13	1.43	1.57	2.93	1.41	3.67
2.01	1.78	1.65	2.23	2.1	1.9	1.84	1.9	1.81	1.9	1.65	1.57	2.41	2.3	2.13	1.45	1.45	2.93	1.41	3.67
2.01	1.78	1.65	2.23	2.1	1.9	1.84	1.9	1.81	1.9	1.66	1.57	2.41	2.3	2.13	1.45	1.47	2.93	1.31	3.67
2.01	1.78	1.65	2.23	2.1	1.9	1.84	1.9	1.81	1.9	1.66	1.57	2.41	2.3	2.13	1.45	1.47	2.93	1.29	3.67
2	1.78	1.65	2.23	2.1	1.9	1.81	1.9	1.81	1.9	1.66	1.57	2.41	2.3	2.13	1.45	1.47	2.93	1.31	3.67
2	1.79	1.65	2.23	2.1	1.9	1.82	1.9	1.81	1.9	1.66	1.57	2.41	2.3	2.13	1.45	1.47	2.93	1.31	3.67
2	1.79	1.65	2.23	2.1	1.9	1.82	1.9	1.81	1.9	1.66	1.57	2.41	2.3	2.13	1.47	1.47	2.93	1.31	3.67
2	1.79	1.65	2.23	2.1	1.9	1.82	1.9	1.81	1.9	1.66	1.57	2.41	2.3	1.93	1.48	1.47	2.93	1.34	3.67
2	1.79	1.65	2.23	2.09	1.9	1.82	1.9	1.81	1.9	1.66	1.58	2.41	2.3	1.93	1.48	1.47	2.93	1.34	3.67
2	1.79	1.65	2.23	2.08	1.9	1.79	1.9	1.81	1.9	1.66	1.58	1.81	2.3	1.93	1.48	1.47	2.93	1.34	3.67
2	1.79	1.65	2.23	2.08	1.9	1.8	1.9	1.81	1.9	1.66	1.58	1.81	2.3	1.92	1.48	1.47	2.93	1.34	3.67
2	1.79	1.65	2.23	2.08	1.9	1.8	1.9	1.81	1.9	1.66	1.59	1.81	2.3	1.9	1.48	1.47	2.93	1.34	3.67
2	1.79	1.65	2.23	2.08	1.9	1.8	1.9	1.81	1.9	1.66	1.59	1.81	2.3	1.9	1.48	1.47	2.93	1.34	3.67
2	1.8	1.65	2.23	2.08	1.9	1.8	1.9	1.81	1.9	1.66	1.59	1.81	2.3	1.89	1.39	1.47	2.93	1.34	3.67
2	1.8	1.65	2.23	2.08	1.9	1.8	1.9	1.78	1.9	1.66	1.59	1.81	2.3	1.89	1.39	1.48	2.93	1.34	3.67
2	1.8	1.65	2.23	2.08	1.9	1.8	1.9	1.78	1.9	1.66	1.59	1.81	2.3	1.89	1.39	1.48	2.93	1.34	3.67
2	1.81	1.65	2.23	2.08	1.9	1.8	1.9	1.78	1.9	1.66	1.59	1.81	2.3	1.89	1.39	1.48	2.93	1.34	3.67
1.97	1.81	1.65	2.23	2.08	1.9	1.8	1.9	1.78	1.9	1.66	1.48	1.81	2.3	1.89	1.39	1.48	2.93	1.34	3.67
1.97	1.81	1.65	2.23	2.08	1.9	1.78	1.9	1.78	1.9	1.66	1.48	1.81	2.3	1.89	1.39	1.48	2.93	1.34	3.67
1.97	1.81	1.65	2.23	2.08	1.9	1.78	1.9	1.78	1.9	1.61	1.48	1.81	2.3	1.89	1.39	1.48	2.93	1.34	3.67
1.93	1.81	1.65	2.23	2.04	1.88	1.78	1.9	1.76	1.9	1.61	1.48	1.81	2.3	1.89	1.39	1.5	2.93	1.34	3.67
1.93	1.81	1.65	2.23	2.04	1.88	1.78	1.9	1.74	1.9	1.61	1.48	1.81	2.3	1.89	1.39	1.5	2.93	1.34	3.67
1.93	1.81	1.65	2.23	2.16	1.88	1.79	1.9	1.71	1.9	1.61	1.45	1.81	2.3	1.89	1.39	1.5	2.93	1.34	3.67
1.9	1.81	1.65	2.23	2.22	1.88	1.79	1.9	1.71	1.9	1.61	1.46	1.81	2.3	1.89	1.39	1.5	2.93	1.34	3.67
1.88	1.81	1.65	2.23	2.4	1.88	1.79	1.9	1.71	1.9	1.61	1.46	1.81	2.3	1.89	1.41	1.5	2.93	1.34	3.67
1.88	1.81	1.65	2.23	2.4	1.88	1.79	1.9	1.71	1.9	1.61	1.46	1.81	2.3	1.89	1.41	1.5	2.93	1.31	3.67
1.88	1.81	1.65	2.23	2.4	1.88	1.86	1.9	1.71	1.9	1.61	1.48	1.81	2.3	1.89	1.41	1.5	2.93	1.31	3.67
1.88	1.81	1.65	2.23	2.38	1.88	1.86	1.9	1.69	1.9	1.61	1.48	1.81	2.3	1.89	1.38	1.5	2.93	1.31	3.67
1.85	1.81	1.65	2.23	2.49	1.88	1.86	1.9	1.69	1.9	1.61	1.49	1.81	2.3	1.89	1.38	1.5	2.93	1.31	3.67
1.85	1.81	1.65	2.23	2.49	1.88	1.86	1.9	1.69	1.9	1.61	1.49	1.81	2.3	1.89	1.38	1.5	2.93	1.31	3.67
1.85	1.81	1.65	2.23	2.44	1.88	1.84	1.9	1.69	1.9	1.61	1.49	1.81	2.3	1.89	1.38	1.5	2.93	1.31	3.67
1.85	1.81	1.65	2.23	2.44	1.88	1.84	1.9	1.68	1.9	1.61	1.49	1.81	2.3	1.89	1.38	1.5	2.93	1.31	3.67
1.85	1.81	1.65	2.23	2.44	1.88	1.84	1.9	1.68	1.9	1.61	1.49	1.81	2.3	1.89	1.38	1.5	2.93	1.31	3.67
1.83	1.81	1.65	2.23	2.44	1.88	1.84	1.9	1.68	1.9	1.61	1.49	1.81	2.3	1.89	1.38	1.5	2.93	1.31	3.67
1.83	1.81	1.65	2.23	2.44	1.88	1.82	1.9	1.68	1.9	1.61	1.49	1.81	2.3	1.89	1.38	1.5	2.93	1.31	3.67
1.83	1.81	1.65	2.23	2.44	1.88	1.8	1.9	1.68	1.9	1.61	1.49	1.81	2.3	1.89	1.38	1.5	2.93	1.31	3.67
1.83	1.81	1.65	2.23	2.65	1.88	1.8	1.9	1.68	1.9	1.61	1.49	1.81	2.3	1.89	1.38	1.5	2.93	1.31	3.67
1.83	1.82	1.65	2.23	2.65	1.88	1.8	1.9	1.66	1.9	1.61	1.49	1.81	2.3	1.76	1.38	1.5	2.93	1.31	3.67
1.8	1.82	1.65	2.23	2.65	1.88	1.8	1.9	1.66	1.9	1.61	1.49	1.81	2.3	1.76	1.38	1.5	2.93	1.31	3.67
1.78	1.82	1.65	2.27	2.65	1.88	1.78	1.9	1.66	1.9	1.61	1.49	1.81	2.3	1.76	1.38	1.5	2.93	1.31	3.67
1.78	1.82	1.65	2.27	2.65	1.88	1.78	1.9	1.66	1.9	1.61	1.49	1.81	2.3	1.76	1.38	1.5	2.93	1.31	3.67
1.78	1.82	1.65	2.27	2.65	1.88	1.76	1.9	1.66	1.9	1.61	1.49	1.81	2.3	1.76	1.38	1.5	2.93	1.31	3.67
1.78	1.82	1.65	2.27	2.65	1.88	1.75	1.9	1.66	1.9	1.61	1.46	1.81	2.3	1.76	1.38	1.5	2.93	1.31	3.67
1.76	1.82	1.65	2.27	2.6	1.88	1.73	1.9	1.66	1.9	1.61	1.46	1.81	2.3	1.76	1.38	1.5	2.93	1.31	3.67
1.74	1.82	1.65	2.27	2.6	1.88	1.72	1.9	1.66	1.9	1.61	1.46	1.81	2.3	1.76	1.38	1.5	2.93	1.31	3.67
1.72	1.82	1.65	2.27	2.55	1.88	1.7	1.9	1.66	1.9	1.61	1.47	1.81	2.3	1.76	1.38	1.5	2.93	1.31	3.67
1.71	1.82	1.65	2.27	2.55	1.88	1.7	1.9	1.66	1.9	1.61	1.4	1.81	2.3	1.76	1.38	1.5	2.93	1.31	3.67
1.71	1.82	1.65	2.27	2.51	1.88	1.7	1.9	1.64	1.9	1.61	1.4	1.81	2.3	1.76	1.38	1.5	2.93	1.31	3.67
1.69	1.82	1.65	2.27	2.51	1.88	1.7	1.9	1.64	1.9	1.61	1.4	1.81	2.3	1.76	1.38	1.5	2.93	1.31	3.67
1.69	1.82	1.65	2.27	2.47	1.88	1.7	1.9	1.64	1.9	1.61	1.42	1.81	2.3	1.76	1.38	1.5	2.93	1.31	3.67
1.69	1.82	1.65	2.27	2.43	1.88	1.7	1.9	1.64	1.9	1.61	1.42	1.81	2.3	1.76	1.38	1.5	2.93	1.31	3.67
1.67	1.82	1.65	2.27	2.43	1.88	1.7	1.9	1.64	1.9	1.61	1.42	1.81	2.3	1.76	1.38	1.5	2.93	1.31	3.67
1.67	1.8	1.65	2.27	2.43	1.88	1.7	1.9	1.64	1.9	1.61	1.42	1.81	2.3	1.76	1.38	1.46	2.93	1.31	3.67
1.67	1.8	1.65	2.27	2.4	1.88	1.69	1.9	1.62	1.9	1.61	1.43	1.81	2.3	1.76	1.4	1.46	2.93	1.31	3.67
1.67	1.8	1.65	2.27	2.36	1.88	1.69	1.9	1.61	1.9	1.61	1.43	1.81	2.3	1.76	1.4	1.46	2.93	1.31	3.67
1.67	1.8	1.65	2.27	2.33	1.88	1.68	1.9	1.61	1.9	1.61	1.43	1.81	2.3	1.76	1.4	1.46	2.93	1.31	3.67
1.67	1.8	1.65	2.27	2.33	1.86	1.66	1.9	1.61	1.9	1.61	1.44	1.81	2.3	1.76	1.4	1.46	2.93	1.31	3.67
1.67	1.8	1.65	2.27	2.3	1.87	1.66	1.9	1.59	1.9	1.61	1.45	1.81	2.3	1.76	1.4	1.46	2.93	1.31	3.67
1.67	1.81	1.65	2.27	2.3	1.87	1.66	1.9	1.59	1.9	1.61	1.45	1.81	2.3	1.76	1.4	1.46	2.93	1.31	3.67
1.67	1.81	1.65	2.27	2.27	1.87	1.65	1.9	1.59	1.9	1.61	1.45	1.81	2.3	1.76	1.4	1.46	2.93	1.31	3.67
1.67	1.81	1.65	2.27	2.24	1.87	1.65	1.9	1.59	1.9	1.51	1.46	1.81	2.3	1.76	1.4	1.46	2.93	1.31	3.67
1.67	1.81	1.65	2.27	2.24	1.85	1.64	1.9	1.59	1.9	1.51	1.47	1.81	2.3	1.76	1.4	1.46	2.93	1.31	3.67
1.67	1.81	1.65	2.27	2.22	1.85	1.64	1.9	1.58	1.9	1.51	1.47	1.81	2.3	1.76	1.4	1.46	2.93	1.31	3.67
1.66	1.81	1.65	2.27	2.22	1.85	1.64	1.9	1.58	1.9	1.51	1.47	1.81	2.3	1.76	1.4	1.46	2.93	1.31	3.67
1.66	1.81	1.65	2.27	2.19	1.85	1.63	1.9	1.58	1.9	1.51	1.47	1.81	2.3	1.76	1.4	1.46	2.93	1.31	3.67
1.66	1.81	1.65	2.27	2.17	1.85	1.63	1.9	1.58	1.9	1.51	1.48	1.81	2.3	1.76	1.4	1.46	2.93	1.31	3.67
1.64	1.81	1.65	2.27	2.17	1.85	1.63	1.9	1.57	1.9	1.51	1.48	1.81	2.3	1.76	1.4	1.46	2.93	1.31	3.67
1.64	1.81	1.65	2.27	2.14	1.85	1.63	1.9	1.57	1.9	1.51	1.48	1.81	2.3	1.76	1.4	1.46	2.93	1.31	3.67
1.64	1.82	1.65	2.27	2.14	1.85	1.63	1.9	1.57	1.9	1.51	1.48	1.81	2.3	1.76	1.4	1.43	2.93	1.31	3.67
1.64	1.82	1.65	2.27	2.14	1.85	1.62	1.9	1.57	1.9	1.51	1.48	1.81	2.3	1.76	1.4	1.43	2.93	1.31	3.67
1.64	1.82	1.65	2.27	2.14	1.85	1.61	1.9	1.57	1.9	1.51	1.48	1.81	2.3	1.76	1.4	1.43	2.93	1.31	3.67
1.64	1.82	1.65	2.27	2.12	1.85	1.61	1.9	1.57	1.9	1.51	1.48	1.81	2.3	1.76	1.4	1.43	2.93	1.31	3.67
1.64	1.82	1.65	2.27	2.1	1.85	1.61	2.31	1.55	1.9	1.51	1.48	1.81	2.3	1.76	1.4	1.43	2.93	1.31	3.67
1.63	1.82	1.65	2.27	2.08	1.84	1.61	2.31	1.55	1.9	1.51	1.48	1.81	2.3	1.76	1.4	1.43	2.93	1.31	3.67
1.62	1.82	1.65	2.27	2.06	1.84	1.6	2.31	1.54	1.9	1.51	1.49	1.81	2.3	1.76	1.4	1.43	2.93	1.31	3.67
1.62	1.82	1.65	2.27	2.06	1.84	1.6	2.31	1.53	1.9	1.51	1.49	1.81	2.07	1.76	1.4	1.43	2.93	1.31	3.67
1.62	1.82	1.65	2.34	2.06	1.84	1.6	2.31	1.53	1.9	1.51	1.49	1.81	2.07	1.76	1.4	1.43	2.93	1.31	3.67
1.62	1.82	1.65	2.34	2.06	1.84	1.59	2.31	1.53	1.9	1.51	1.49	1.81	2.07	1.76	1.41	1.43	2.93	1.31	3.67
1.62	1.82	1.65	2.34	2.06	1.84	1.59	2.31	1.53	1.9	1.51	1.49	1.81	2.07	1.76	1.41	1.43	2.93	1.31	3.67
1.62	1.82	1.65	2.34	2.04	1.84	1.59	2.31	1.52	1.9	1.51	1.49	1.81	2.07	1.76	1.43	1.43	2.93	1.31	3.67
1.6	1.82	1.65	2.26	2.04	1.84	1.59	2.31	1.52	1.9	1.51	1.56	1.81	2.07	1.76	1.43	1.43	2.93	1.31	3.67
1.6	1.82	1.65	2.26	2.04	1.84	1.59	2.31	1.52	1.9	1.51	1.56	1.81	2.07	1.76	1.44	1.43	2.93	1.31	3.67
1.59	1.82	1.65	2.26	2.04	1.84	1.59	2.31	1.52	1.6	1.51	1.56	1.81	2.07	1.76	1.42	1.43	2.93	1.31	3.67
1.59	1.82	1.65	2.26	2.04	1.84	1.58	2.31	1.52	1.6	1.51	1.56	1.81	2.07	1.76	1.42	1.43	2.93	1.31	3.67
1.59	1.81	1.65	2.19	2.02	1.84	1.57	2.31	1.51	1.6	1.51	1.56	1.81	2.07	1.76	1.42	1.43	2.93	1.31	3.67
1.59	1.79	1.65	2.19	2.02	1.84	1.56	2.31	1.51	1.6	1.51	1.56	1.81	2.07	1.76	1.42	1.43	2.93	1.31	3.67
1.59	1.78	1.65	2.19	2.02	1.84	1.56	2.31	1.5	1.6	1.51	1.56	1.81	2.07	1.76	1.42	1.43	2.93	1.31	3.67
1.59	1.78	1.65	2.19	2.02	1.84	1.55	2.31	1.49	1.6	1.51	1.56	1.81	2.07	1.76	1.43	1.43	2.93	1.31	3.67
1.59	1.78	1.65	2.19	2.02	1.84	1.55	2.31	1.49	1.6	1.51	1.56	1.81	2.07	1.76	1.43	1.43	2.93	1.31	3.67
1.59	1.78	1.65	2.19	2	1.84	1.55	2.31	1.49	1.6	1.51	1.56	1.81	2.07	1.76	1.43	1.43	2.93	1.31	3.67
1.58	1.76	1.65	2.19	1.98	1.84	1.55	2.31	1.49	1.6	1.51	1.56	1.81	2.07	1.76	1.43	1.43	2.93	1.31	3.67
1.57	1.76	1.65	2.12	1.98	1.84	1.54	2.31	1.49	1.88	1.51	1.56	1.81	2.07	1.76	1.43	1.43	2.93	1.31	3.67
1.57	1.76	1.65	2.06	1.96	1.84	1.54	2.31	1.48	2.04	1.51	1.56	1.81	2.07	1.76	1.43	1.43	2.93	1.31	3.67
1.57	1.76	1.71	2.06	1.95	1.84	1.53	2.31	1.47	2.04	1.51	1.56	1.81	2.07	1.76	1.41	1.43	2.93	1.31	2.44
1.57	1.76	1.71	2.06	1.95	1.84	1.53	2.31	1.46	2.04	1.51	1.56	1.81	2.07	1.76	1.41	1.43	2.93	1.31	2.44
1.57	1.75	1.71	2.06	1.95	1.84	1.53	2.31	1.46	2.04	1.51	1.56	1.81	2.07	1.76	1.41	1.43	2.93	1.31	2.44
1.57	1.75	1.71	2.06	1.95	1.84	1.52	2.31	1.45	2.04	1.51	1.56	1.81	2.07	1.76	1.41	1.43	2.93	1.31	2.44
1.56	1.75	1.71	2.06	1.95	1.84	1.52	2.31	1.45	2.04	1.51	1.56	1.81	2.07	1.76	1.41	1.43	2.93	1.31	2.44
1.55	1.75	1.71	2.06	1.93	1.84	1.52	2.31	1.45	2.04	1.51	1.56	1.81	2.07	1.76	1.41	1.43	2.93	1.31	2.44
1.55	1.74	1.71	2.06	1.93	1.84	1.52	2.31	1.45	2.04	1.51	1.56	1.81	2.07	1.76	1.41	1.43	2.93	1.31	2.44
1.54	1.73	1.71	2.06	1.92	1.84	1.51	2.31	1.44	2.04	1.51	1.56	1.81	2.07	1.76	1.41	1.43	2.93	1.31	2.44
1.53	1.72	1.71	2.06	1.92	1.83	1.5	2.31	1.43	2.04	1.51	1.56	1.81	2.07	1.76	1.41	1.43	2.93	1.31	2.44
1.52	1.72	1.71	2.06	1.92	1.83	1.5	2.31	1.43	2.04	1.51	1.56	1.81	2.07	1.76	1.42	1.43	2.93	1.31	2.44
1.51	1.71	1.71	2.06	1.92	1.83	1.5	2.31	1.43	2.04	1.51	1.56	1.81	2.07	1.76	1.42	1.43	2.93	1.31	2.44
1.51	1.7	1.71	2.06	1.9	1.83	1.5	2.31	1.43	2.04	1.51	1.56	1.81	2.07	1.76	1.42	1.43	2.93	1.31	2.44
1.51	1.7	1.71	2.06	1.89	1.83	1.5	2.31	1.42	2.04	1.51	1.56	1.81	2.07	1.76	1.42	1.43	2.93	1.31	2.44
1.51	1.7	1.71	2.06	1.89	1.83	1.5	2.44	1.41	2.04	1.51	1.56	1.81	2.07	1.76	1.42	1.43	2.93	1.31	2.44
1.51	1.7	1.71	2.06	1.89	1.83	1.49	2.44	1.41	2.04	1.51	1.56	1.81	2.07	1.76	1.42	1.43	2.93	1.31	2.44
1.51	1.7	1.71	2.06	1.87	1.83	1.49	2.44	1.41	2.04	1.51	1.56	1.81	2.07	1.76	1.43	1.43	2.93	1.31	2.44
1.51	1.7	1.76	2.06	1.87	1.83	1.48	2.44	1.41	2.04	1.51	1.56	1.81	2.07	1.76	1.43	1.43	2.93	1.29	2.44
1.51	1.7	1.76	2.06	1.86	1.83	1.48	2.44	1.4	2.04	1.51	1.56	1.81	2.07	1.76	1.43	1.43	2.93	1.29	2.44
1.51	1.69	1.76	2.06	1.86	1.84	1.48	2.44	1.4	2.04	1.51	1.56	1.81	2.07	1.76	1.43	1.43	2.93	1.29	2.44
1.51	1.68	1.76	2.06	1.86	1.84	1.48	2.44	1.39	2.04	1.51	1.56	1.81	2.07	1.76	1.43	1.43	2.93	1.29	2.44
1.51	1.67	1.76	2.06	1.86	1.84	1.48	2.44	1.39	2.04	1.51	1.56	1.81	2.07	1.76	1.44	1.4	2.93	1.29	2.44
1.51	1.67	1.76	2.06	1.86	1.84	1.48	2.44	1.39	2.04	1.51	1.56	1.81	2.07	1.76	1.44	1.4	2.93	1.29	2.44
1.51	1.66	1.76	2.06	1.86	1.84	1.48	2.44	1.39	2.04	1.51	1.56	1.81	2.07	1.76	1.44	1.4	2.93	1.29	2.44
1.51	1.66	1.76	2.06	1.85	1.84	1.48	2.44	1.39	2.04	1.51	1.56	1.81	2.07	1.76	1.45	1.4	2.93	1.29	2.44
1.51	1.66	1.76	2.06	1.85	1.84	1.47	2.44	1.38	2.04	1.51	1.56	1.81	2.07	1.76	1.45	1.4	2.93	1.29	2.44
1.51	1.65	1.76	2.06	1.85	1.84	1.47	2.44	1.38	2.04	1.51	1.56	1.81	2.07	1.76	1.45	1.4	2.93	1.29	2.44
1.51	1.65	1.76	2.06	1.85	1.84	1.47	2.44	1.37	2.04	1.51	1.56	1.81	2.07	1.76	1.45	1.4	2.93	1.29	2.44
1.51	1.65	1.76	2.06	1.83	1.84	1.47	2.44	1.37	2.04	1.51	1.56	1.81	1.88	1.76	1.45	1.4	2.93	1.29	2.44
1.51	1.64	1.76	2.06	1.82	1.84	1.46	2.44	1.36	2.04	1.51	1.56	1.81	1.72	1.76	1.45	1.4	2.93	1.29	2.44
1.51	1.64	1.76	2.06	1.82	1.84	1.46	2.44	1.36	2.04	1.51	1.56	1.81	1.72	1.76	1.45	1.4	2.93	1.29	2.44
1.51	1.63	1.76	2.39	1.81	1.84	1.46	2.44	1.36	2.04	1.51	1.56	1.81	1.72	1.76	1.4	1.4	2.93	1.29	2.44
1.51	1.63	1.76	2.39	1.81	1.84	1.46	2.44	1.36	2.04	1.51	1.56	1.81	1.72	1.76	1.4	1.4	2.93	1.29	2.44
1.51	1.62	1.76	2.37	1.81	1.84	1.57	2.44	1.36	2.04	1.51	1.56	1.81	1.72	1.76	1.4	1.4	2.93	1.29	2.44
1.51	1.62	1.76	2.35	1.8	1.84	1.57	2.44	1.36	2.04	1.51	1.56	1.81	1.72	1.76	1.4	1.4	2.93	1.29	2.44
1.51	1.62	1.76	2.29	1.8	1.84	1.57	2.44	1.35	2.04	1.51	1.56	1.81	1.72	1.76	1.4	1.4	2.93	1.29	2.44
1.51	1.62	1.76	2.29	1.8	1.84	1.57	2.44	1.35	2.04	1.51	1.56	1.81	1.72	1.76	1.4	1.4	2.93	1.29	2.44
1.51	1.62	1.76	2.29	1.8	1.84	1.56	2.44	1.34	2.04	1.51	1.56	1.81	1.72	1.76	1.4	1.4	2.93	1.29	2.44
1.51	1.61	1.76	2.29	1.79	1.84	1.56	2.44	1.34	2.04	1.51	1.56	1.81	1.72	1.76	1.4	1.4	2.93	1.29	2.44
1.51	1.61	1.76	2.29	1.79	1.84	1.56	2.44	1.34	2.04	1.51	1.56	1.81	1.72	1.76	1.41	1.4	2.93	1.29	2.44
1.51	1.6	1.76	2.29	1.78	1.84	1.55	2.44	1.34	2.04	1.51	1.56	1.81	1.72	1.76	1.41	1.4	2.93	1.29	2.44
1.51	1.6	1.76	2.29	1.78	1.84	1.55	2.44	1.34	2.04	1.51	1.56	1.81	1.72	1.76	1.41	1.4	2.93	1.29	2.44
1.51	1.6	1.76	2.29	1.78	1.84	1.55	2.44	1.34	2.04	1.51	1.56	1.81	1.72	1.76	1.41	1.4	2.93	1.29	2.44
1.51	1.6	1.76	2.29	1.77	1.84	1.55	2.44	1.33	2.04	1.51	1.56	1.81	1.72	1.76	1.41	1.4	2.93	1.29	2.44
1.51	1.6	1.76	2.29	1.77	1.84	1.55	2.44	1.33	2.04	1.51	1.56	1.81	1.72	1.76	1.41	1.4	2.93	1.29	2.44
1.51	1.6	1.76	2.29	1.77	1.84	1.55	2.44	1.33	2.04	1.51	1.56	1.81	1.72	1.76	1.41	1.4	2.93	1.29	2.44
1.51	1.6	1.76	2.29	1.76	1.84	1.55	2.44	1.33	2.04	1.51	1.56	1.81	1.72	1.76	1.41	1.4	2.93	1.29	2.44
1.51	1.6	1.76	2.27	1.76	1.84	1.54	2.44	1.33	1.87	1.51	1.56	1.81	1.72	1.76	1.41	1.4	2.93	1.29	2.44
1.51	1.59	1.76	2.27	1.76	1.84	1.54	2.44	1.32	1.87	1.51	1.56	1.81	1.61	1.76	1.41	1.4	2.93	1.29	2.44
1.51	1.59	1.76	2.26	1.76	1.84	1.53	2.44	1.32	1.87	1.51	1.56	1.81	1.61	1.76	1.42	1.4	2.93	1.29	2.44
1.51	1.59	1.76	2.26	1.76	1.84	1.53	2.44	1.32	1.87	1.51	1.56	1.81	1.62	1.76	1.43	1.4	2.93	1.29	2.44
1.51	1.59	1.76	2.26	1.76	1.85	1.53	2.44	1.32	1.87	1.51	1.56	1.81	1.62	1.76	1.43	1.4	2.93	1.29	2.44
1.51	1.58	1.76	2.24	1.76	1.85	1.53	2.44	1.32	1.87	1.51	1.56	1.81	1.62	1.76	1.43	1.4	2.93	1.29	2.44
1.51	1.58	1.76	2.24	1.76	1.85	1.53	2.44	1.32	1.87	1.51	1.56	1.81	1.62	1.76	1.43	1.4	2.93	1.29	2.44
1.51	1.58	1.76	2.24	1.76	1.85	1.52	2.44	1.32	1.87	1.51	1.56	1.81	1.59	1.76	1.43	1.4	2.93	1.29	2.44
1.51	1.58	1.76	2.23	1.76	1.85	1.52	2.51	1.32	1.87	1.51	1.56	1.81	1.59	1.65	1.44	1.4	2.93	1.29	2.44
1.51	1.58	1.76	2.23	1.76	1.85	1.52	2.51	1.31	1.87	1.51	1.56	1.81	1.59	1.65	1.44	1.4	2.93	1.29	1.83
1.51	1.57	1.76	2.23	1.75	1.85	1.51	2.51	1.31	1.75	1.51	1.56	1.81	1.59	1.65	1.44	1.4	2.93	1.29	1.83
1.51	1.57	1.76	2.22	1.74	1.85	1.51	2.51	1.31	1.75	1.51	1.56	1.81	1.59	1.65	1.44	1.4	2.93	1.29	1.83
1.51	1.57	1.76	2.22	1.74	1.84	1.5	2.51	1.3	1.75	1.51	1.56	1.81	1.59	1.65	1.44	1.4	1.95	1.29	1.83
1.51	1.57	1.76	2.21	1.73	1.84	1.5	3.99	1.3	1.77	1.51	1.51	1.81	1.59	1.65	1.44	1.4	1.95	1.29	1.83
1.51	1.57	1.76	2.21	1.72	1.84	1.5	3.99	1.3	1.77	1.51	1.51	1.81	1.59	1.65	1.45	1.4	1.95	1.29	1.83
1.51	1.57	1.76	2.21	1.72	1.84	1.5	3.99	1.3	1.77	1.51	1.51	1.81	1.6	1.65	1.45	1.4	1.95	1.29	1.83
1.51	1.57	1.76	2.2	1.71	1.84	1.5	3.99	1.3	1.77	1.51	1.51	1.81	1.6	1.65	1.45	1.4	1.89	1.29	1.83
1.51	1.57	1.76	2.2	1.71	1.84	1.5	3.64	1.3	1.77	1.51	1.51	1.81	1.6	1.65	1.45	1.4	1.89	1.29	1.83
1.51	1.57	1.76	2.2	1.71	1.84	1.5	3.4	1.3	1.77	1.51	1.51	1.81	1.6	1.65	1.45	1.4	1.89	1.29	1.83
1.51	1.57	1.76	2.2	1.7	1.84	1.49	3.4	1.3	1.77	1.51	1.51	1.81	1.6	1.65	1.45	1.4	1.89	1.29	1.83
1.51	1.57	1.76	2.2	1.7	1.84	1.49	3.21	1.29	1.77	1.51	1.51	1.81	1.6	1.65	1.45	1.4	1.89	1.29	1.83
1.51	1.57	1.76	2.2	1.69	1.84	1.49	2.96	1.29	1.77	1.51	1.52	1.81	1.6	1.65	1.45	1.4	1.89	1.29	1.83
1.51	1.57	1.76	2.16	1.68	1.84	1.49	2.96	1.29	1.77	1.51	1.52	1.81	1.6	1.65	1.45	1.4	1.86	1.29	1.83
1.51	1.57	1.76	2.12	1.68	1.84	1.48	2.77	1.29	1.77	1.51	1.52	1.81	1.6	1.65	1.46	1.4	1.86	1.29	1.83
1.51	1.57	1.76	2.12	1.67	1.84	1.48	2.77	1.29	1.77	1.51	1.52	1.81	1.6	1.65	1.47	1.4	1.86	1.29	1.83
1.51	1.57	1.76	2.12	1.67	1.84	1.48	2.69	1.29	1.77	1.51	1.52	1.81	1.6	1.65	1.47	1.4	1.86	1.29	1.83
1.51	1.57	1.76	2.12	1.67	1.84	1.48	2.69	1.29	1.77	1.51	1.52	1.81	1.6	1.65	1.47	1.4	1.86	1.29	1.83
1.51	1.57	1.76	2.12	1.67	1.84	1.47	2.69	1.29	1.77	1.51	1.5	1.81	1.6	1.65	1.47	1.4	1.86	1.29	1.83
1.51	1.57	1.76	2.09	1.67	1.84	1.47	2.69	1.29	1.77	1.51	1.5	1.81	1.6	1.65	1.47	1.4	1.86	1.29	1.83
1.51	1.57	1.76	2.09	1.68	1.84	1.47	2.62	1.29	1.77	1.51	1.5	1.81	1.6	1.65	1.47	1.4	1.86	1.29	1.83
1.51	1.57	1.76	2.09	1.68	1.84	1.47	2.57	1.29	1.77	1.51	1.5	1.81	1.6	1.65	1.47	1.4	1.86	1.29	1.83
1.51	1.57	1.76	2.09	1.68	1.84	1.47	2.57	1.29	1.77	1.51	1.5	1.81	1.6	1.65	1.48	1.4	1.86	1.29	1.83
1.51	1.57	1.76	2.06	1.68	1.84	1.47	2.57	1.29	1.77	1.43	1.5	1.81	1.6	1.65	1.48	1.4	1.86	1.29	1.83
1.51	1.57	1.76	2.03	1.67	1.84	1.47	2.52	1.29	1.77	1.43	1.5	1.81	1.6	1.65	1.48	1.4	1.86	1.29	1.83
1.51	1.57	1.76	2.03	1.66	1.84	1.47	2.52	1.29	1.77	1.43	1.5	1.81	1.6	1.65	1.48	1.4	1.83	1.29	1.83
1.51	1.57	1.76	2.03	1.66	1.84	1.47	2.52	1.29	1.77	1.43	1.5	1.81	1.6	1.65	1.48	1.4	1.81	1.29	1.83
1.51	1.56	1.76	2	1.65	1.84	1.46	2.48	1.29	1.77	1.43	1.5	1.81	1.6	1.65	1.48	1.4	1.81	1.29	1.83
1.51	1.55	1.76	2	1.65	1.84	1.46	2.48	1.29	1.77	1.43	1.5	1.81	1.6	1.65	1.48	1.4	1.8	1.29	1.83
1.51	1.55	1.76	2	1.65	1.84	1.46	2.44	1.29	1.77	1.43	1.5	1.81	1.6	1.65	1.49	1.4	1.8	1.29	1.83
1.51	1.55	1.76	2	1.65	1.84	1.46	2.41	1.29	1.77	1.43	1.5	1.81	1.6	1.65	1.49	1.4	1.8	1.29	1.83
1.51	1.55	1.76	2	1.65	1.84	1.46	2.41	1.29	1.77	1.66	1.5	1.81	1.6	1.65	1.49	1.4	1.8	1.29	1.83
1.51	1.55	1.76	2	1.65	1.84	1.46	2.33	1.29	1.77	1.66	1.5	1.81	1.6	1.65	1.49	1.4	1.8	1.29	1.83
1.51	1.55	1.76	1.97	1.65	1.84	1.46	2.33	1.29	1.77	1.66	1.5	1.81	1.6	1.65	1.49	1.4	1.79	1.29	1.83
1.51	1.55	1.76	1.95	1.65	1.84	1.46	2.31	1.29	1.77	1.66	1.5	1.81	1.6	1.65	1.49	1.4	1.79	1.29	1.83
1.51	1.55	1.76	1.95	1.65	1.84	1.45	2.31	1.29	1.77	1.66	1.5	1.81	1.6	1.65	1.49	1.4	1.78	1.29	1.83
1.51	1.54	1.76	1.95	1.64	1.88	1.45	2.31	1.29	1.77	1.66	1.5	1.81	1.6	1.65	1.49	1.4	1.78	1.29	1.83
1.51	1.54	1.76	1.92	1.64	1.88	1.45	2.31	1.29	1.77	1.58	1.5	1.81	1.6	1.65	1.49	1.4	1.78	1.29	1.83
1.51	1.54	1.76	1.92	1.64	1.88	1.45	2.29	1.29	1.77	1.58	1.5	1.81	1.6	1.65	1.46	1.4	1.78	1.29	1.83
1.51	1.54	1.76	1.9	1.64	1.88	1.45	2.29	1.29	1.77	1.58	1.5	1.81	1.6	1.65	1.46	1.4	1.78	1.29	1.83
1.51	1.54	1.76	1.9	1.64	1.88	1.44	2.29	1.29	1.77	1.58	1.5	1.81	1.6	1.65	1.53	1.4	1.78	1.29	1.83
1.51	1.54	1.76	1.88	1.64	1.88	1.44	2.29	1.29	1.77	1.58	1.5	1.81	1.6	1.65	1.53	1.4	1.78	1.29	1.83
1.51	1.53	1.76	1.88	1.64	1.88	1.44	2.29	1.29	1.77	1.58	1.5	1.81	1.6	1.65	1.53	1.4	1.78	1.29	1.83
1.51	1.52	1.76	1.88	1.64	1.88	1.44	2.29	1.29	1.77	1.58	1.5	1.81	1.74	1.65	1.53	1.4	1.78	1.29	1.83
1.51	1.52	1.76	1.88	1.64	1.88	1.43	2.29	1.29	1.77	1.58	1.5	1.81	1.74	1.65	1.53	1.4	1.78	1.29	1.83
1.51	1.52	1.76	1.88	1.64	1.88	1.43	2.29	1.29	1.77	1.58	1.5	1.81	1.74	1.65	1.53	1.4	1.78	1.29	1.83
1.51	1.52	1.76	1.86	1.64	1.88	1.43	2.29	1.29	1.77	1.58	1.5	1.81	1.74	1.65	1.53	1.4	1.77	1.29	1.83
1.51	1.52	1.76	1.86	1.64	1.88	1.43	2.29	1.29	1.77	1.58	1.5	1.81	1.74	1.65	1.53	1.4	1.77	1.29	1.83
1.51	1.52	1.76	1.84	1.64	1.88	1.43	2.29	1.29	1.77	1.58	1.5	1.81	1.74	1.65	1.53	1.4	1.77	1.29	1.83
1.51	1.52	1.76	1.84	1.64	1.88	1.43	2.27	1.29	1.77	1.58	1.5	1.81	1.74	1.65	1.53	1.4	1.77	1.29	1.83
1.51	1.51	1.76	1.82	1.64	1.88	1.43	2.27	1.29	1.77	1.58	1.5	1.81	1.74	1.65	1.53	1.4	1.77	1.29	1.83
1.51	1.51	1.76	1.82	1.64	1.87	1.42	2.27	1.29	1.77	1.58	1.5	1.81	1.74	1.65	1.53	1.4	1.77	1.29	1.83
1.51	1.51	1.76	1.8	1.64	1.87	1.42	2.27	1.29	1.77	1.58	1.5	1.81	1.74	1.65	1.53	1.4	1.77	1.29	1.83
1.51	1.5	1.76	1.8	1.64	1.86	1.42	2.25	1.29	1.77	1.58	1.5	1.81	1.74	1.65	1.53	1.4	1.77	1.29	1.83
1.51	1.5	1.76	1.8	1.64	1.86	1.42	2.25	1.29	1.77	1.58	1.5	1.81	1.74	1.65	1.53	1.4	1.63	1.29	1.83
1.51	1.5	1.76	1.8	1.64	1.85	1.42	2.2	1.29	1.77	1.58	1.5	1.81	1.74	1.65	1.53	1.4	1.63	1.29	1.83
1.51	1.5	1.76	1.8	1.64	1.85	1.42	2.19	1.29	1.77	1.58	1.5	1.81	1.74	1.65	1.53	1.4	1.63	1.29	1.83
1.51	1.5	1.76	1.8	1.64	1.85	1.42	2.17	1.29	1.68	1.58	1.5	1.81	1.66	1.65	1.53	1.4	1.63	1.29	1.83
1.51	1.5	1.76	1.78	1.64	1.85	1.42	2.16	1.29	1.68	1.58	1.5	1.81	1.66	1.65	1.5	1.4	1.63	1.29	1.83
1.51	1.5	1.76	1.78	1.64	1.85	1.41	2.16	1.29	1.68	1.58	1.5	1.81	1.66	1.65	1.5	1.4	1.63	1.29	1.83
1.51	1.5	1.76	1.76	1.64	1.84	1.41	2.16	1.29	1.68	1.58	1.5	1.44	1.66	1.65	1.5	1.4	1.63	1.29	1.83
1.51	1.5	1.76	1.75	1.64	1.84	1.41	2.15	1.29	1.68	1.58	1.5	1.44	1.66	1.65	1.5	1.4	1.63	1.29	1.83
1.51	1.5	1.76	1.73	1.64	1.84	1.41	2.15	1.29	1.68	1.58	1.5	1.44	1.66	1.65	1.5	1.4	1.63	1.29	1.83
1.51	1.5	1.77	1.73	1.64	1.83	1.41	2.15	1.29	1.68	1.58	1.5	1.44	1.66	1.65	1.5	1.4	1.63	1.29	1.83
1.51	1.5	1.77	1.73	1.64	1.83	1.4	2.15	1.29	1.68	1.5	1.5	1.44	1.66	1.65	1.5	1.4	1.63	1.29	1.83
1.51	1.5	1.77	1.72	1.64	1.83	1.4	2.14	1.29	1.68	1.5	1.5	1.44	1.66	1.65	1.5	1.4	1.63	1.29	1.83
1.51	1.5	1.77	1.7	1.64	1.83	1.4	2.14	1.29	1.68	1.5	1.5	1.44	1.66	1.65	1.5	1.4	1.63	1.29	1.47
1.52	1.5	1.77	1.7	1.64	1.83	1.4	2.1	1.29	1.68	1.5	1.5	1.44	1.66	1.65	1.5	1.4	1.63	1.29	1.47
1.52	1.5	1.73	1.7	1.64	1.83	1.4	2.09	1.29	1.68	1.5	1.5	1.44	1.66	1.65	1.5	1.4	1.63	1.29	2.44
1.53	1.5	1.7	1.69	1.64	1.82	1.4	2.09	1.29	1.68	1.5	1.5	1.44	1.66	1.65	1.5	1.4	1.63	1.29	2.44
1.53	1.5	1.7	1.68	1.64	1.81	1.4	2.09	1.29	1.68	1.5	1.5	1.44	1.66	1.65	1.5	1.4	1.64	1.29	2.44
1.53	1.5	1.7	1.68	1.64	1.8	1.4	2.09	1.29	1.68	1.5	1.5	1.49	1.66	1.65	1.5	1.4	1.64	1.29	2.44
1.53	1.5	1.7	1.68	1.64	1.8	1.4	2.09	1.29	1.68	1.51	1.5	1.49	1.66	1.65	1.5	1.4	1.64	1.29	2.44
1.53	1.5	1.7	1.68	1.64	1.79	1.4	2.08	1.29	1.68	1.51	1.5	1.49	1.66	1.65	1.5	1.4	1.64	1.29	2.44
1.54	1.5	1.7	1.68	1.64	1.79	1.4	2.08	1.29	1.68	1.51	1.5	1.49	1.66	1.65	1.5	1.4	1.64	1.29	2.44
1.55	1.5	1.7	1.68	1.64	1.79	1.4	2.08	1.29	1.68	1.51	1.5	1.49	1.66	1.65	1.5	1.4	1.64	1.29	2.44
1.55	1.5	1.7	1.68	1.64	1.79	1.4	2.08	1.29	1.68	1.51	1.5	1.49	1.66	1.65	1.5	1.4	1.64	1.29	2.44
1.55	1.5	1.7	1.68	1.64	1.79	1.4	2.07	1.29	1.68	1.49	1.5	1.49	1.66	1.65	1.5	1.4	1.64	1.29	2.44
1.55	1.5	1.7	1.68	1.64	1.78	1.4	2.07	1.29	1.68	1.49	1.5	1.49	1.66	1.65	1.5	1.4	1.64	1.29	2.44
1.55	1.5	1.7	1.68	1.64	1.78	1.4	2.07	1.29	1.68	1.46	1.5	1.49	1.66	1.65	1.5	1.4	1.64	1.29	2.44
1.56	1.5	1.7	1.68	1.64	1.78	1.4	2.07	1.29	1.68	1.46	1.5	1.49	1.66	1.65	1.5	1.4	1.64	1.29	2.44
1.56	1.5	1.7	1.67	1.64	1.78	1.4	2.07	1.29	1.68	1.4	1.5	1.49	1.66	1.65	1.5	1.4	1.64	1.29	2.44
1.56	1.5	1.71	1.67	1.64	1.78	1.4	2.07	1.29	1.78	1.4	1.5	1.49	1.66	1.65	1.5	1.4	1.65	1.23	2.44
1.56	1.5	1.71	1.65	1.64	1.78	1.4	2.06	1.29	1.78	1.42	1.5	1.49	1.66	1.65	1.5	1.4	1.65	1.23	2.44
1.56	1.5	1.72	1.64	1.64	1.77	1.41	2.06	1.35	1.78	1.42	1.5	1.49	1.66	1.65	1.5	1.4	1.65	1.23	2.44
1.56	1.5	1.73	1.64	1.64	1.76	1.43	2.06	1.35	1.78	1.42	1.5	1.49	1.66	1.65	1.5	1.4	1.65	1.23	2.44
1.56	1.5	1.7	1.64	1.64	1.76	1.43	2.06	1.44	1.78	1.42	1.5	1.49	1.66	1.65	1.5	1.4	1.65	1.23	2.44
1.56	1.5	1.7	1.64	1.64	1.76	1.43	2.06	1.44	1.78	1.42	1.5	1.52	1.66	1.65	1.5	1.4	1.65	1.23	2.44
1.56	1.5	1.7	1.64	1.64	1.76	1.42	2.05	1.44	1.78	1.42	1.5	1.54	1.66	1.65	1.5	1.4	1.65	1.23	2.44
1.57	1.5	1.7	1.64	1.64	1.76	1.42	2.05	1.44	1.78	1.42	1.5	1.56	1.66	1.65	1.5	1.4	1.66	1.17	2.44
1.57	1.5	1.7	1.64	1.64	1.76	1.42	2.05	1.48	1.78	1.42	1.5	1.56	1.66	1.65	1.5	1.4	1.66	1.17	2.44
1.57	1.5	1.7	1.64	1.64	1.76	1.42	2.05	1.48	1.78	1.42	1.5	1.56	1.66	1.65	1.58	1.4	1.66	1.17	2.44
1.58	1.5	1.7	1.64	1.64	1.77	1.42	2.05	1.48	1.78	1.42	1.5	1.56	1.66	1.65	1.58	1.4	1.66	1.17	2.44
1.58	1.5	1.7	1.64	1.64	1.77	1.42	2.05	1.48	1.78	1.43	1.5	1.56	1.66	1.65	1.58	1.4	1.66	1.17	2.44
1.58	1.5	1.7	1.64	1.64	1.77	1.42	2.05	1.48	1.78	1.43	1.5	1.56	1.66	1.65	1.58	1.4	1.66	1.26	2.44
1.58	1.5	1.71	1.64	1.64	1.77	1.42	2.05	1.48	1.78	1.38	1.5	1.56	1.66	1.65	1.58	1.4	1.66	1.26	2.44
1.58	1.5	1.69	1.64	1.64	1.77	1.42	2.05	1.48	1.78	1.38	1.5	1.56	1.66	1.65	1.58	1.4	1.66	1.55	2.44
1.59	1.5	1.69	1.64	1.64	1.77	1.42	2.04	1.48	1.78	1.38	1.5	1.58	1.66	1.65	1.7	1.4	1.66	1.55	2.44
1.59	1.5	1.69	1.64	1.64	1.77	1.42	2.04	1.48	1.78	1.38	1.5	1.59	1.66	1.65	1.7	1.4	1.66	1.55	2.44
1.59	1.5	1.69	1.64	1.64	1.76	1.41	2.04	1.48	1.78	1.38	1.5	1.59	1.66	1.65	1.7	1.4	1.66	1.55	2.44
1.61	1.5	1.69	1.64	1.64	1.76	1.41	2.04	1.48	1.78	1.38	1.5	1.59	1.66	1.65	1.7	1.4	1.66	1.55	2.44
1.66	1.5	1.7	1.64	1.64	1.76	1.41	2.04	1.48	1.78	1.38	1.5	1.59	1.66	1.65	1.7	1.4	1.66	1.55	2.09
1.75	1.5	1.7	1.64	1.64	1.76	1.41	2.04	1.48	1.78	1.38	1.5	1.59	1.66	1.65	1.7	1.4	1.66	1.55	2.09
1.75	1.5	1.7	1.64	1.64	1.76	1.41	2.04	1.48	1.78	1.38	1.5	1.59	1.66	1.65	1.7	1.4	1.66	1.55	2.09
1.75	1.5	1.71	1.64	1.64	1.76	1.4	2.04	1.48	1.87	1.38	1.5	1.59	1.66	1.65	1.7	1.4	1.66	1.55	2.09
1.75	1.5	1.71	1.64	1.64	1.76	1.4	2.04	1.48	1.87	1.36	1.5	1.59	1.66	1.65	1.7	1.4	1.66	1.55	2.09
1.75	1.5	1.71	1.64	1.64	1.76	1.4	2.04	1.48	1.87	1.36	1.5	1.59	1.66	1.65	1.7	1.4	1.67	1.55	1.83
1.75	1.5	1.72	1.64	1.64	1.76	1.4	2.04	1.48	2.42	1.36	1.5	1.59	1.66	1.65	1.7	1.4	1.67	1.55	1.83
1.75	1.5	1.72	1.64	1.64	1.76	1.4	2.03	1.48	2.42	1.36	1.5	1.59	1.66	1.65	1.7	1.4	1.67	1.55	1.83
1.75	1.5	1.72	1.64	1.64	1.76	1.4	2.03	1.48	2.42	1.36	1.5	1.59	1.66	1.65	1.7	1.4	1.67	1.55	1.83
1.75	1.5	1.72	1.64	1.64	1.76	1.4	2.01	1.49	2.42	1.36	1.5	1.59	1.66	1.65	1.7	1.4	1.67	1.55	1.83
1.75	1.5	1.72	1.64	1.64	1.76	1.4	2.01	1.49	2.38	1.36	1.5	1.6	1.66	1.65	1.7	1.4	1.67	1.55	1.83
1.75	1.5	1.72	1.64	1.64	1.75	1.4	2.01	1.51	2.38	1.36	1.46	1.61	1.66	1.65	1.7	1.4	1.67	1.55	1.63
1.75	1.56	1.72	1.64	1.64	1.75	1.4	2.01	1.51	2.35	1.36	1.46	1.49	1.66	1.65	1.7	1.4	1.67	1.55	1.63
1.75	1.56	1.72	1.64	1.64	1.75	1.4	2.01	1.51	2.32	1.36	1.58	1.49	1.66	1.65	1.7	1.4	1.67	1.55	1.63
1.74	1.56	1.72	1.64	1.64	1.74	1.4	2	1.51	2.32	1.36	1.58	1.49	1.66	1.65	1.7	1.4	1.67	1.55	1.64
1.74	1.56	1.73	1.64	1.64	1.74	1.4	2	1.51	2.32	1.36	1.58	1.49	1.66	1.65	1.7	1.4	1.67	1.55	1.64
1.74	1.56	1.73	1.64	1.64	1.73	1.4	1.98	1.51	2.29	1.36	1.58	1.39	1.66	1.65	1.7	1.4	1.67	1.55	1.64
1.74	1.56	1.73	1.64	1.64	1.73	1.4	1.98	1.51	2.21	1.36	1.58	1.39	1.66	1.65	1.7	1.4	1.67	1.55	1.64
1.74	1.56	1.73	1.64	1.64	1.73	1.4	1.98	1.51	2.2	1.36	1.58	1.39	1.66	1.65	1.7	1.4	1.67	1.55	1.64
1.74	1.56	1.73	1.64	1.64	1.73	1.4	1.98	1.51	2.13	1.36	1.58	1.39	1.66	1.65	1.7	1.4	1.67	1.55	1.64
1.73	1.56	1.73	1.64	1.64	1.73	1.4	1.98	1.51	2.08	1.36	1.58	1.39	1.66	1.65	1.7	1.4	1.67	1.55	1.64
1.73	1.56	1.73	1.64	1.64	1.73	1.4	1.98	1.51	2.07	1.36	1.58	1.41	1.66	1.65	1.7	1.4	1.67	1.55	1.64
1.73	1.56	1.74	1.64	1.64	1.73	1.4	1.98	1.51	2.07	1.36	1.58	1.41	1.66	1.65	1.7	1.4	1.67	1.55	1.64
1.73	1.56	1.74	1.64	1.64	1.72	1.4	1.98	1.51	2.02	1.36	1.58	1.41	1.66	1.65	1.7	1.4	1.67	1.55	1.64
1.72	1.56	1.75	1.64	1.64	1.72	1.4	1.98	1.51	2.02	1.36	1.58	1.41	1.66	1.65	1.7	1.4	1.67	1.55	1.64
1.72	1.56	1.75	1.64	1.64	1.72	1.4	1.98	1.51	2.01	1.36	1.58	1.43	1.66	1.65	1.7	1.4	1.67	1.55	1.64
1.72	1.56	1.75	1.64	1.64	1.71	1.4	1.98	1.51	2.01	1.36	1.58	1.43	1.66	1.65	1.7	1.4	1.67	1.55	1.64
1.72	1.56	1.75	1.64	1.64	1.71	1.4	1.98	1.51	1.97	1.36	1.58	1.43	1.66	1.65	1.7	1.4	1.67	1.55	1.64
1.72	1.56	1.75	1.64	1.64	1.71	1.4	1.98	1.51	1.97	1.36	1.58	1.45	1.66	1.55	1.7	1.4	1.65	1.55	1.64
1.72	1.56	1.75	1.64	1.64	1.7	1.4	1.98	1.51	1.97	1.36	1.58	1.45	1.66	1.55	1.7	1.4	1.65	1.55	1.64
1.72	1.56	1.75	1.64	1.64	1.7	1.4	1.96	1.51	1.97	1.36	1.58	1.45	1.66	1.55	1.7	1.4	1.65	1.55	1.64
1.71	1.56	1.75	1.64	1.64	1.7	1.4	1.96	1.51	1.97	1.36	1.58	1.45	1.66	1.55	1.7	1.4	1.65	1.55	1.64
1.71	1.56	1.75	1.64	1.64	1.7	1.4	1.96	1.51	1.97	1.36	1.58	1.45	1.66	1.55	1.7	1.4	1.65	1.55	1.64
1.7	1.56	1.75	1.64	1.64	1.69	1.4	1.94	1.51	1.97	1.36	1.54	1.45	1.66	1.55	1.7	1.4	1.65	1.55	1.64
1.7	1.56	1.75	1.64	1.64	1.69	1.4	1.93	1.51	1.97	1.36	1.54	1.45	1.66	1.52	1.7	1.4	1.65	1.55	1.64
1.7	1.56	1.75	1.64	1.64	1.69	1.4	1.93	1.51	1.97	1.36	1.54	1.45	1.66	1.52	1.7	1.4	1.65	1.55	1.64
1.7	1.56	1.75	1.64	1.64	1.69	1.4	1.91	1.51	1.97	1.36	1.54	1.45	1.66	1.53	1.7	1.4	1.65	1.55	1.64
1.7	1.56	1.75	1.64	1.64	1.69	1.4	1.89	1.51	1.97	1.36	1.54	1.46	1.66	1.54	1.7	1.4	1.65	1.55	1.64
1.7	1.56	1.75	1.64	1.65	1.69	1.4	1.88	1.51	1.97	1.42	1.54	1.46	1.66	1.54	1.7	1.4	1.65	1.55	1.64
1.7	1.56	1.75	1.64	1.65	1.69	1.4	1.88	1.51	1.96	1.42	1.54	1.46	1.66	1.54	1.7	1.4	1.65	1.55	1.64
1.7	1.56	1.75	1.64	1.65	1.69	1.4	1.88	1.51	1.96	1.42	1.54	1.43	1.66	1.54	1.7	1.4	1.65	1.55	1.64
1.69	1.56	1.75	1.64	1.65	1.69	1.4	1.88	1.51	1.96	1.42	1.54	1.43	1.66	1.55	1.7	1.4	1.65	1.55	1.65
1.7	1.56	1.75	1.64	1.65	1.69	1.4	1.88	1.51	1.96	1.42	1.54	1.45	1.66	1.55	1.7	1.4	1.65	1.55	1.65
1.7	1.56	1.75	1.64	1.65	1.69	1.4	1.88	1.51	1.96	1.42	1.54	1.45	1.66	1.55	1.7	1.4	1.65	1.55	1.65
1.7	1.56	1.75	1.64	1.65	1.69	1.4	1.86	1.51	1.96	1.42	1.54	1.45	1.66	1.48	1.7	1.4	1.65	1.55	1.65
1.7	1.56	1.75	1.64	1.65	1.69	1.4	1.86	1.51	1.96	1.42	1.54	1.38	1.66	1.48	1.7	1.4	1.65	1.55	1.65
1.7	1.56	1.75	1.64	1.65	1.69	1.4	1.86	1.51	1.96	1.42	1.54	1.38	1.66	1.48	1.7	1.4	1.65	1.55	1.65
1.7	1.57	1.75	1.64	1.65	1.69	1.4	1.86	1.51	1.96	1.42	1.54	1.38	1.66	1.49	1.7	1.4	1.65	1.55	1.65
1.7	1.57	1.76	1.64	1.65	1.69	1.41	1.86	1.51	1.96	1.42	1.54	1.38	1.66	1.5	1.7	1.4	1.65	1.55	1.65
1.7	1.57	1.76	1.64	1.66	1.69	1.41	1.86	1.51	1.95	1.42	1.55	1.38	1.66	1.5	1.7	1.4	1.65	1.55	1.65
1.7	1.57	1.76	1.66	1.66	1.69	1.41	1.85	1.51	1.95	1.42	1.55	1.38	1.66	1.5	1.7	1.4	1.65	1.55	1.65
1.7	1.57	1.76	1.66	1.66	1.69	1.41	1.85	1.51	1.95	1.42	1.55	1.38	1.66	1.5	1.7	1.4	1.65	1.55	1.65
1.7	1.57	1.76	1.66	1.66	1.69	1.41	1.85	1.51	1.95	1.42	1.55	1.38	1.66	1.5	1.7	1.57	1.65	1.55	1.65
1.69	1.57	1.76	1.66	1.66	1.69	1.41	1.85	1.51	1.95	1.42	1.55	1.39	1.66	1.51	1.7	1.57	1.65	1.55	1.65
1.69	1.57	1.76	1.66	1.66	1.69	1.41	1.85	1.51	1.95	1.42	1.55	1.39	1.66	1.51	1.7	1.57	1.65	1.55	1.65
1.69	1.58	1.76	1.66	1.66	1.69	1.41	1.85	1.51	1.95	1.42	1.55	1.39	1.66	1.45	1.7	1.57	1.65	1.55	1.65
1.69	1.58	1.76	1.66	1.66	1.69	1.41	1.83	1.51	1.95	1.42	1.55	1.41	1.66	1.45	1.7	1.57	1.65	1.55	1.65
1.69	1.58	1.76	1.66	1.66	1.69	1.41	1.83	1.51	1.95	1.42	1.55	1.41	1.66	1.45	1.7	1.57	1.65	1.55	1.65
1.69	1.58	1.76	1.66	1.66	1.69	1.41	1.83	1.51	1.95	1.42	1.55	1.42	1.66	1.45	1.7	1.57	1.65	1.55	1.65
1.69	1.58	1.74	1.66	1.66	1.69	1.41	1.83	1.51	1.95	1.42	1.55	1.42	1.66	1.45	1.7	1.57	1.65	1.55	1.65
1.68	1.58	1.75	1.66	1.66	1.69	1.41	1.82	1.51	1.95	1.42	1.55	1.42	1.66	1.45	1.7	1.57	1.65	1.55	1.65
1.68	1.58	1.75	1.66	1.66	1.69	1.41	1.82	1.51	1.95	1.42	1.51	1.43	1.66	1.45	1.7	1.57	1.62	1.55	1.65
1.67	1.58	1.75	1.66	1.66	1.69	1.41	1.82	1.51	1.95	1.42	1.52	1.44	1.66	1.45	1.7	1.57	1.62	1.55	1.65
1.66	1.58	1.75	1.66	1.67	1.69	1.41	1.82	1.51	1.95	1.42	1.52	1.39	1.66	1.45	1.7	1.57	1.62	1.55	1.65
1.66	1.58	1.75	1.66	1.67	1.69	1.41	1.82	1.51	1.95	1.42	1.5	1.4	1.66	1.46	1.7	1.57	1.62	1.55	1.65
1.66	1.58	1.75	1.66	1.67	1.69	1.41	1.82	1.51	1.95	1.42	1.51	1.4	1.66	1.46	1.7	1.57	1.62	1.55	1.65
1.66	1.58	1.75	1.66	1.67	1.69	1.41	1.81	1.51	1.95	1.42	1.51	1.4	1.66	1.46	1.7	1.57	1.62	1.55	1.65
1.65	1.58	1.75	1.66	1.67	1.69	1.41	1.81	1.51	1.94	1.42	1.51	1.4	1.66	1.46	1.7	1.57	1.62	1.55	1.65
1.65	1.58	1.75	1.66	1.67	1.69	1.41	1.79	1.51	1.94	1.42	1.51	1.4	1.66	1.46	1.7	1.57	1.62	1.49	1.66
1.65	1.58	1.75	1.66	1.67	1.69	1.41	1.79	1.51	1.94	1.42	1.51	1.4	1.66	1.46	1.7	1.57	1.62	1.66	1.66
1.64	1.58	1.76	1.66	1.67	1.69	1.41	1.78	1.51	1.94	1.42	1.51	1.4	1.66	1.46	1.7	1.57	1.62	1.66	1.66
1.64	1.59	1.76	1.66	1.67	1.69	1.41	1.78	1.51	1.94	1.42	1.51	1.4	1.66	1.46	1.7	1.49	1.62	1.66	1.66
1.64	1.59	1.76	1.66	1.67	1.69	1.41	1.78	1.51	1.94	1.42	1.51	1.4	1.66	1.46	1.7	1.49	1.62	1.66	1.66
1.68	1.59	1.76	1.66	1.67	1.69	1.41	1.77	1.51	1.94	1.42	1.51	1.41	1.66	1.46	1.7	1.49	1.62	1.6	1.66
1.68	1.59	1.76	1.66	1.67	1.69	1.41	1.77	1.51	1.94	1.42	1.51	1.41	1.66	1.46	1.7	1.49	1.62	1.6	1.66
1.68	1.59	1.76	1.66	1.68	1.69	1.41	1.77	1.51	1.94	1.47	1.51	1.41	1.66	1.46	1.7	1.49	1.62	1.54	1.66
1.69	1.59	1.76	1.66	1.68	1.69	1.41	1.77	1.51	1.94	1.47	1.51	1.41	1.66	1.46	1.7	1.49	1.62	1.49	1.66
1.69	1.59	1.77	1.66	1.68	1.69	1.41	1.76	1.51	1.94	1.47	1.51	1.41	1.66	1.46	1.7	1.49	1.62	1.47	1.66
1.69	1.59	1.77	1.66	1.68	1.69	1.41	1.75	1.51	1.94	1.47	1.52	1.41	1.66	1.46	1.7	1.42	1.62	1.48	1.66
1.69	1.59	1.77	1.66	1.68	1.69	1.41	1.74	1.51	1.94	1.48	1.52	1.41	1.66	1.46	1.7	1.36	1.62	1.48	1.66
1.69	1.6	1.77	1.66	1.68	1.69	1.41	1.73	1.51	1.94	1.62	1.52	1.42	1.66	1.46	1.7	1.36	1.62	1.48	1.66
1.69	1.6	1.77	1.66	1.68	1.69	1.42	1.72	1.51	1.94	1.74	1.52	1.42	1.66	1.46	1.7	1.36	1.62	1.48	1.66
1.69	1.6	1.77	1.66	1.68	1.69	1.42	1.72	1.51	1.94	1.74	1.52	1.42	1.66	1.46	1.67	1.36	1.62	1.48	1.66
1.69	1.59	1.77	1.66	1.68	1.69	1.42	1.71	1.51	1.94	1.74	1.52	1.42	1.66	1.46	1.67	1.36	1.62	1.48	1.66
1.69	1.6	1.77	1.66	1.68	1.69	1.43	1.71	1.6	1.94	1.74	1.52	1.38	1.66	1.46	1.67	1.36	1.62	1.48	1.66
1.69	1.6	1.77	1.66	1.69	1.69	1.43	1.71	1.6	1.94	1.74	1.52	1.38	1.66	1.46	1.67	1.36	1.62	1.48	1.66
1.69	1.6	1.77	1.66	1.69	1.69	1.43	1.7	1.6	1.94	1.74	1.52	1.39	1.66	1.46	1.67	1.36	1.62	1.59	1.66
1.69	1.6	1.78	1.66	1.69	1.73	1.43	1.7	1.6	1.94	1.74	1.52	1.39	1.66	1.46	1.67	1.36	1.62	1.59	1.66
1.69	1.6	1.78	1.68	1.69	1.73	1.43	1.7	1.6	1.94	1.74	1.52	1.39	1.66	1.47	1.67	1.36	1.62	1.59	1.66
1.69	1.6	1.78	1.68	1.69	1.73	1.43	1.69	1.6	1.94	1.74	1.52	1.39	1.66	1.45	1.67	1.36	1.62	1.68	1.67
1.69	1.6	1.78	1.68	1.69	1.73	1.44	1.69	1.6	1.94	1.74	1.52	1.39	1.66	1.45	1.67	1.36	1.62	1.68	1.67
1.69	1.6	1.78	1.68	1.69	1.73	1.44	1.69	1.6	1.94	1.74	1.52	1.39	1.66	1.45	1.67	1.38	1.62	1.68	1.67
1.69	1.6	1.77	1.68	1.69	1.73	1.44	1.69	1.6	1.94	1.74	1.52	1.39	1.66	1.45	1.67	1.38	1.62	1.68	1.67
1.69	1.59	1.77	1.68	1.69	1.73	1.44	1.68	1.6	1.94	1.74	1.52	1.4	1.66	1.46	1.67	1.39	1.62	1.68	1.67
1.69	1.59	1.77	1.67	1.69	1.73	1.44	1.68	1.6	1.94	1.74	1.52	1.4	1.66	1.46	1.67	1.39	1.62	1.68	1.67
1.69	1.59	1.77	1.67	1.69	1.73	1.44	1.68	1.6	1.94	1.74	1.52	1.4	1.66	1.47	1.67	1.4	1.62	1.68	1.67
1.69	1.58	1.76	1.68	1.69	1.73	1.44	1.68	1.6	1.94	1.74	1.52	1.4	1.66	1.47	1.67	1.41	1.62	1.68	1.67
1.69	1.58	1.76	1.68	1.69	1.73	1.44	1.67	1.6	1.93	1.74	1.52	1.4	1.66	1.47	1.67	1.41	1.62	1.68	1.67
1.69	1.58	1.76	1.68	1.69	1.73	1.44	1.66	1.6	1.93	1.74	1.52	1.4	1.66	1.48	1.67	1.41	1.62	1.68	1.67
1.69	1.58	1.76	1.68	1.69	1.73	1.44	1.65	1.6	1.93	1.74	1.52	1.4	1.66	1.48	1.67	1.41	1.62	1.68	1.67
1.69	1.57	1.76	1.68	1.69	1.74	1.44	1.64	1.6	1.93	1.74	1.52	1.4	1.66	1.48	1.67	1.41	1.62	1.68	1.67
1.69	1.57	1.76	1.68	1.69	1.74	1.44	1.64	1.6	1.93	1.74	1.52	1.4	1.66	1.48	1.67	1.41	1.62	1.68	1.68
1.69	1.56	1.76	1.68	1.69	1.74	1.45	1.63	1.6	1.93	1.74	1.52	1.4	1.67	1.49	1.67	1.41	1.62	1.68	1.68
1.69	1.56	1.76	1.68	1.69	1.74	1.45	1.63	1.6	1.93	1.74	1.52	1.4	1.67	1.5	1.67	1.41	1.62	1.68	1.68
1.69	1.56	1.76	1.68	1.69	1.74	1.45	1.63	1.6	1.93	1.74	1.52	1.41	1.67	1.5	1.67	1.41	1.62	1.68	1.68
1.69	1.56	1.76	1.68	1.69	1.74	1.45	1.63	1.6	1.93	1.74	1.52	1.41	1.67	1.5	1.67	1.41	1.62	1.68	1.68
1.69	1.56	1.76	1.68	1.69	1.74	1.46	1.62	1.6	1.93	1.74	1.49	1.41	1.67	1.5	1.67	1.41	1.62	1.68	1.68
1.69	1.55	1.76	1.69	1.69	1.74	1.46	1.62	1.6	1.93	1.74	1.49	1.42	1.67	1.5	1.67	1.41	1.62	1.68	1.68
1.69	1.55	1.76	1.69	1.69	1.74	1.46	1.62	1.6	1.93	1.74	1.49	1.42	1.67	1.5	1.67	1.4	1.62	1.68	1.68
1.69	1.55	1.76	1.69	1.7	1.74	1.46	1.62	1.6	1.93	1.74	1.49	1.42	1.67	1.5	1.67	1.4	1.62	1.68	1.68
1.69	1.54	1.76	1.69	1.7	1.74	1.46	1.62	1.6	1.93	1.74	1.49	1.42	1.67	1.5	1.67	1.4	1.62	1.68	1.68
1.69	1.54	1.76	1.69	1.7	1.74	1.46	1.62	1.6	1.93	1.74	1.49	1.42	1.64	1.51	1.67	1.4	1.62	1.63	1.68
1.69	1.53	1.76	1.69	1.7	1.74	1.46	1.62	1.6	1.93	1.74	1.49	1.42	1.64	1.51	1.67	1.41	1.62	1.63	1.68
1.69	1.53	1.76	1.7	1.7	1.74	1.46	1.63	1.6	1.93	1.74	1.49	1.42	1.64	1.51	1.67	1.41	1.62	1.63	1.68
1.69	1.53	1.76	1.7	1.69	1.74	1.46	1.63	1.6	1.93	1.74	1.49	1.43	1.64	1.51	1.67	1.41	1.62	1.63	1.65
1.69	1.53	1.76	1.7	1.69	1.74	1.46	1.63	1.6	1.93	1.74	1.49	1.44	1.64	1.52	1.67	1.41	1.62	1.59	1.65
1.69	1.53	1.77	1.7	1.69	1.74	1.46	1.63	1.6	1.93	1.74	1.49	1.44	1.64	1.52	1.67	1.42	1.62	1.59	1.65
1.69	1.53	1.77	1.71	1.69	1.74	1.46	1.63	1.6	1.93	1.74	1.49	1.44	1.64	1.52	1.67	1.43	1.62	1.59	1.65
1.69	1.53	1.77	1.71	1.69	1.74	1.46	1.63	1.6	1.93	1.74	1.49	1.44	1.64	1.52	1.69	1.43	1.62	1.59	1.65
1.69	1.52	1.77	1.71	1.69	1.74	1.46	1.63	1.6	1.93	1.74	1.49	1.44	1.64	1.52	1.69	1.43	1.62	1.59	1.65
1.69	1.52	1.77	1.71	1.69	1.74	1.46	1.63	1.6	1.93	1.74	1.49	1.44	1.64	1.52	1.69	1.43	1.62	1.59	1.65
1.69	1.52	1.77	1.71	1.69	1.74	1.5	1.63	1.6	1.93	1.74	1.49	1.44	1.65	1.52	1.69	1.43	1.62	1.55	1.65
1.69	1.52	1.77	1.71	1.69	1.74	1.5	1.62	1.6	1.93	1.74	1.49	1.44	1.65	1.52	1.69	1.49	1.62	1.55	1.65
1.69	1.52	1.77	1.71	1.69	1.74	1.51	1.62	1.6	1.93	1.74	1.49	1.44	1.65	1.53	1.69	1.49	1.62	1.55	1.65
1.69	1.51	1.77	1.71	1.69	1.74	1.54	1.62	1.6	1.93	1.74	1.49	1.44	1.65	1.53	1.69	1.49	1.62	1.55	1.66
1.69	1.51	1.77	1.71	1.69	1.74	1.54	1.62	1.69	1.93	1.74	1.49	1.44	1.65	1.53	1.69	1.49	1.62	1.55	1.66
1.7	1.51	1.77	1.71	1.69	1.75	1.54	1.62	1.69	1.93	1.74	1.49	1.44	1.65	1.53	1.69	1.49	1.62	1.55	1.66
1.7	1.51	1.77	1.71	1.69	1.75	1.54	1.62	1.69	1.93	1.74	1.49	1.44	1.65	1.53	1.69	1.49	1.62	1.55	1.66
1.7	1.51	1.77	1.71	1.69	1.75	1.54	1.62	1.68	1.93	1.74	1.49	1.44	1.65	1.53	1.69	1.49	1.62	1.55	1.66
1.7	1.51	1.78	1.71	1.69	1.75	1.54	1.62	1.68	1.93	1.74	1.49	1.44	1.65	1.53	1.69	1.49	1.62	1.55	1.66
1.7	1.5	1.78	1.7	1.69	1.75	1.54	1.62	1.68	1.93	1.74	1.49	1.44	1.65	1.53	1.69	1.49	1.62	1.58	1.66
1.7	1.5	1.78	1.7	1.69	1.75	1.54	1.62	1.74	1.93	1.74	1.49	1.44	1.65	1.53	1.69	1.49	1.62	1.58	1.66
1.7	1.5	1.78	1.7	1.68	1.75	1.54	1.62	1.74	1.93	1.74	1.49	1.44	1.6	1.53	1.69	1.49	1.62	1.58	1.66
1.7	1.5	1.78	1.7	1.68	1.75	1.54	1.62	1.74	1.93	1.74	1.49	1.44	1.6	1.53	1.69	1.49	1.62	1.6	1.66
1.7	1.5	1.77	1.7	1.68	1.74	1.54	1.62	1.74	1.93	1.74	1.49	1.44	1.56	1.53	1.69	1.49	1.62	1.6	1.66
1.7	1.5	1.77	1.7	1.68	1.74	1.54	1.62	1.74	1.93	1.74	1.49	1.44	1.56	1.53	1.69	1.49	1.62	1.6	1.66
1.7	1.5	1.77	1.7	1.68	1.75	1.54	1.62	1.74	1.93	1.74	1.49	1.44	1.56	1.53	1.69	1.49	1.62	1.6	1.66
1.7	1.5	1.77	1.7	1.68	1.75	1.54	1.62	1.74	1.93	1.74	1.49	1.44	1.56	1.53	1.69	1.49	1.62	1.6	1.66
1.7	1.5	1.77	1.7	1.68	1.75	1.54	1.62	1.74	1.93	1.74	1.49	1.44	1.57	1.53	1.69	1.49	1.57	1.6	1.66
1.7	1.49	1.77	1.7	1.67	1.75	1.54	1.62	1.74	1.93	1.74	1.49	1.4	1.57	1.53	1.67	1.5	1.57	1.6	1.66
1.7	1.49	1.77	1.7	1.67	1.75	1.54	1.62	1.74	1.93	1.74	1.49	1.4	1.57	1.53	1.67	1.5	1.52	1.6	1.66
1.7	1.49	1.77	1.7	1.67	1.75	1.54	1.62	1.74	1.93	1.74	1.49	1.4	1.57	1.53	1.67	1.5	1.52	1.58	1.66
1.7	1.54	1.77	1.7	1.67	1.75	1.54	1.63	1.74	1.93	1.74	1.49	1.4	1.53	1.53	1.67	1.48	1.52	1.58	1.66
1.7	1.54	1.78	1.71	1.67	1.75	1.54	1.63	1.74	1.93	1.74	1.49	1.4	1.53	1.53	1.67	1.48	1.52	1.58	1.66
1.71	1.54	1.78	1.71	1.66	1.75	1.54	1.63	1.75	1.93	1.74	1.49	1.4	1.53	1.53	1.67	1.48	1.52	1.58	1.66
1.71	1.55	1.78	1.71	1.66	1.75	1.54	1.63	1.75	1.93	1.74	1.49	1.4	1.53	1.53	1.67	1.48	1.52	1.58	1.66
1.71	1.55	1.78	1.71	1.66	1.75	1.54	1.63	1.75	1.93	1.74	1.49	1.41	1.53	1.53	1.67	1.48	1.52	1.58	1.66
1.71	1.55	1.78	1.71	1.66	1.75	1.54	1.63	1.74	1.92	1.74	1.49	1.41	1.53	1.53	1.67	1.48	1.53	1.58	1.66
1.71	1.55	1.78	1.71	1.66	1.75	1.55	1.64	1.74	1.92	1.74	1.49	1.41	1.51	1.53	1.68	1.48	1.53	1.58	1.66
1.71	1.55	1.78	1.71	1.65	1.75	1.55	1.64	1.74	1.92	1.74	1.49	1.42	1.51	1.53	1.68	1.48	1.53	1.58	1.66
1.71	1.55	1.78	1.72	1.65	1.75	1.55	1.64	1.73	1.92	1.69	1.5	1.42	1.51	1.53	1.68	1.48	1.53	1.58	1.66
1.71	1.55	1.78	1.72	1.65	1.75	1.55	1.64	1.73	1.92	1.69	1.5	1.42	1.51	1.53	1.68	1.48	1.53	1.58	1.66
1.71	1.55	1.78	1.71	1.65	1.75	1.55	1.64	1.73	1.92	1.69	1.5	1.42	1.51	1.53	1.68	1.48	1.53	1.58	1.66
1.71	1.55	1.78	1.71	1.65	1.75	1.59	1.64	1.72	1.92	1.69	1.5	1.42	1.51	1.53	1.68	1.48	1.53	1.58	1.6
1.71	1.56	1.78	1.71	1.65	1.75	1.59	1.64	1.72	1.91	1.69	1.5	1.42	1.51	1.53	1.68	1.48	1.53	1.58	1.6
1.72	1.56	1.78	1.71	1.65	1.75	1.59	1.64	1.72	1.91	1.69	1.5	1.42	1.51	1.53	1.68	1.48	1.53	1.58	1.6
1.72	1.56	1.79	1.71	1.65	1.75	1.59	1.71	1.72	1.91	1.69	1.5	1.42	1.51	1.53	1.68	1.48	1.53	1.58	1.6
1.72	1.56	1.79	1.71	1.65	1.75	1.59	1.71	1.72	1.91	1.69	1.5	1.42	1.51	1.53	1.68	1.48	1.53	1.58	1.6
1.72	1.56	1.79	1.71	1.65	1.75	1.59	1.71	1.73	1.91	1.69	1.5	1.42	1.51	1.53	1.68	1.48	1.53	1.58	1.6
1.72	1.56	1.79	1.71	1.64	1.75	1.59	1.71	1.73	1.91	1.69	1.5	1.43	1.51	1.53	1.68	1.48	1.53	1.58	1.6
1.72	1.56	1.79	1.71	1.64	1.75	1.59	1.71	1.73	1.91	1.69	1.5	1.43	1.51	1.53	1.68	1.48	1.53	1.58	1.6
1.72	1.56	1.79	1.71	1.64	1.75	1.58	1.71	1.73	1.91	1.69	1.5	1.43	1.51	1.53	1.68	1.48	1.53	1.58	1.6
1.72	1.56	1.79	1.71	1.64	1.75	1.58	1.71	1.73	1.91	1.69	1.5	1.43	1.51	1.53	1.68	1.48	1.53	1.58	1.6
1.72	1.57	1.79	1.71	1.63	1.75	1.58	1.71	1.73	1.91	1.69	1.5	1.44	1.52	1.53	1.68	1.48	1.53	1.58	1.6
1.72	1.57	1.79	1.71	1.63	1.75	1.58	1.71	1.73	1.91	1.69	1.5	1.44	1.52	1.53	1.68	1.48	1.53	1.58	1.6
1.72	1.57	1.79	1.71	1.63	1.75	1.58	1.71	1.73	1.91	1.69	1.5	1.44	1.52	1.53	1.68	1.48	1.53	1.58	1.6
1.72	1.57	1.79	1.71	1.63	1.75	1.58	1.71	1.73	1.91	1.69	1.5	1.44	1.52	1.53	1.68	1.48	1.53	1.58	1.61
1.72	1.57	1.79	1.71	1.63	1.75	1.57	1.71	1.73	1.91	1.69	1.5	1.45	1.52	1.53	1.68	1.48	1.53	1.58	1.61
1.72	1.57	1.79	1.71	1.63	1.75	1.57	1.71	1.73	1.91	1.69	1.5	1.45	1.52	1.53	1.68	1.48	1.56	1.59	1.61
1.72	1.57	1.79	1.71	1.62	1.75	1.57	1.71	1.73	1.91	1.69	1.5	1.45	1.52	1.53	1.68	1.48	1.56	1.59	1.61
1.72	1.57	1.79	1.71	1.62	1.75	1.57	1.71	1.73	1.91	1.69	1.5	1.45	1.52	1.53	1.68	1.48	1.56	1.59	1.61
1.72	1.57	1.79	1.7	1.62	1.75	1.57	1.71	1.74	1.91	1.69	1.5	1.45	1.52	1.53	1.68	1.48	1.56	1.59	1.61
1.72	1.57	1.79	1.7	1.62	1.75	1.57	1.74	1.74	1.91	1.69	1.5	1.45	1.52	1.53	1.68	1.48	1.56	1.59	1.61
1.72	1.57	1.79	1.69	1.62	1.75	1.57	1.74	1.74	1.91	1.69	1.5	1.45	1.52	1.53	1.68	1.48	1.56	1.59	1.61
1.72	1.57	1.79	1.69	1.62	1.75	1.56	1.74	1.74	1.91	1.69	1.51	1.45	1.52	1.53	1.68	1.48	1.56	1.59	1.61
1.72	1.57	1.79	1.69	1.62	1.75	1.56	1.78	1.74	1.91	1.69	1.51	1.45	1.52	1.53	1.65	1.48	1.56	1.59	1.61
1.72	1.57	1.79	1.69	1.61	1.75	1.56	1.78	1.74	1.91	1.87	1.51	1.45	1.52	1.53	1.65	1.48	1.6	1.59	1.61
1.72	1.57	1.8	1.69	1.61	1.75	1.56	1.78	1.74	1.91	1.87	1.51	1.45	1.52	1.53	1.65	1.48	1.6	1.59	1.61
1.73	1.58	1.8	1.68	1.61	1.75	1.56	1.78	1.74	1.91	1.87	1.51	1.45	1.52	1.53	1.65	1.48	1.6	1.59	1.61
1.73	1.58	1.79	1.68	1.61	1.75	1.56	1.78	1.74	1.91	1.87	1.51	1.45	1.52	1.53	1.65	1.48	1.6	1.59	1.61
1.73	1.58	1.79	1.67	1.61	1.76	1.55	1.82	1.74	1.91	1.87	1.51	1.45	1.52	1.53	1.65	1.48	1.6	1.59	1.61
1.73	1.58	1.78	1.67	1.6	1.76	1.55	1.82	1.74	1.91	1.87	1.51	1.45	1.52	1.53	1.65	1.48	1.6	1.59	1.61
1.73	1.58	1.78	1.66	1.6	1.76	1.55	1.82	1.74	1.91	1.87	1.51	1.46	1.52	1.53	1.65	1.48	1.6	1.59	1.61
1.73	1.58	1.78	1.66	1.6	1.76	1.55	1.82	1.74	1.91	1.87	1.51	1.46	1.52	1.53	1.65	1.48	1.56	1.59	1.61
1.73	1.58	1.78	1.66	1.59	1.75	1.55	1.82	1.74	1.91	1.87	1.51	1.46	1.52	1.53	1.65	1.48	1.69	1.59	1.61
1.73	1.58	1.78	1.66	1.59	1.75	1.55	1.82	1.74	1.91	1.87	1.48	1.45	1.52	1.53	1.65	1.48	1.69	1.59	1.61
1.73	1.58	1.78	1.66	1.59	1.75	1.55	1.82	1.74	1.91	1.87	1.48	1.45	1.5	1.53	1.65	1.48	1.69	1.59	1.61
1.73	1.58	1.78	1.66	1.59	1.75	1.55	1.82	1.74	1.91	1.87	1.48	1.46	1.5	1.53	1.65	1.48	1.69	1.59	1.61
1.73	1.58	1.78	1.66	1.59	1.75	1.55	1.82	1.74	1.91	1.87	1.48	1.46	1.5	1.53	1.65	1.48	1.69	1.59	1.61
1.73	1.58	1.78	1.66	1.59	1.75	1.54	1.82	1.74	1.91	1.87	1.48	1.47	1.5	1.53	1.65	1.48	1.72	1.59	1.61
1.73	1.58	1.78	1.65	1.59	1.75	1.54	1.9	1.74	1.91	1.87	1.48	1.47	1.5	1.53	1.65	1.48	1.72	1.59	1.61
1.73	1.58	1.78	1.64	1.59	1.75	1.54	1.9	1.74	1.91	1.87	1.48	1.47	1.5	1.53	1.65	1.48	1.72	1.59	1.61
1.73	1.58	1.78	1.64	1.58	1.75	1.54	1.9	1.74	1.91	1.87	1.48	1.47	1.5	1.53	1.65	1.48	1.72	1.59	1.61
1.73	1.58	1.78	1.64	1.58	1.75	1.54	1.9	1.74	1.91	1.87	1.46	1.47	1.5	1.53	1.65	1.48	1.72	1.59	1.61
1.73	1.58	1.78	1.64	1.58	1.75	1.54	1.9	1.74	1.91	1.87	1.46	1.47	1.5	1.53	1.65	1.48	1.84	1.59	1.61
1.73	1.58	1.78	1.63	1.58	1.75	1.54	1.9	1.74	1.91	1.87	1.46	1.47	1.5	1.53	1.65	1.48	1.84	1.59	1.61
1.73	1.58	1.78	1.63	1.58	1.75	1.53	1.9	1.74	1.91	1.87	1.46	1.47	1.5	1.53	1.65	1.48	1.87	1.66	1.61
1.73	1.58	1.78	1.63	1.58	1.75	1.53	1.96	1.74	1.91	1.87	1.46	1.47	1.5	1.53	1.65	1.48	1.87	1.66	1.61
1.73	1.58	1.78	1.62	1.58	1.75	1.53	1.96	1.74	1.91	1.87	1.46	1.47	1.5	1.53	1.65	1.48	1.87	1.66	1.61
1.73	1.58	1.78	1.62	1.58	1.75	1.53	1.96	1.74	1.91	1.87	1.46	1.47	1.5	1.53	1.65	1.48	1.87	1.66	1.61
1.73	1.58	1.78	1.62	1.58	1.75	1.53	1.96	1.74	1.91	1.87	1.45	1.47	1.5	1.53	1.65	1.48	1.87	1.66	1.61
1.73	1.58	1.79	1.61	1.57	1.75	1.53	1.96	1.74	1.9	1.87	1.45	1.47	1.5	1.53	1.65	1.48	1.87	1.66	1.61
1.73	1.59	1.79	1.61	1.57	1.75	1.53	1.96	1.74	1.89	1.87	1.45	1.47	1.5	1.53	1.65	1.48	1.87	1.66	1.61
1.73	1.59	1.79	1.61	1.57	1.75	1.52	1.96	1.74	1.89	1.82	1.45	1.47	1.5	1.53	1.63	1.48	1.87	1.66	1.61
1.73	1.61	1.79	1.61	1.57	1.75	1.52	1.96	1.74	1.88	1.82	1.45	1.47	1.5	1.53	1.63	1.48	1.87	1.66	1.61
1.73	1.61	1.79	1.61	1.57	1.75	1.52	1.96	1.74	1.88	1.82	1.45	1.47	1.5	1.53	1.63	1.48	1.99	1.66	1.61
1.73	1.61	1.79	1.61	1.57	1.75	1.52	1.96	1.73	1.88	1.82	1.45	1.47	1.5	1.53	1.63	1.48	1.99	1.66	1.61
1.73	1.61	1.79	1.61	1.57	1.75	1.51	1.96	1.73	1.88	1.82	1.45	1.47	1.5	1.53	1.63	1.48	1.99	1.66	1.61
1.73	1.61	1.79	1.61	1.57	1.75	1.51	1.97	1.73	1.88	1.78	1.45	1.47	1.5	1.53	1.63	1.48	1.99	1.66	1.61
1.73	1.61	1.79	1.61	1.57	1.75	1.51	1.97	1.72	1.87	1.74	1.45	1.47	1.49	1.53	1.63	1.48	1.99	1.66	1.61
1.73	1.61	1.79	1.61	1.57	1.75	1.51	1.97	1.72	1.86	1.7	1.45	1.47	1.49	1.53	1.63	1.48	1.99	1.66	1.61
1.73	1.61	1.79	1.61	1.57	1.75	1.51	1.97	1.71	1.86	1.7	1.45	1.47	1.49	1.53	1.63	1.48	1.99	1.66	1.61
1.74	1.61	1.79	1.61	1.57	1.75	1.51	1.97	1.71	1.85	1.7	1.45	1.48	1.49	1.53	1.63	1.48	1.99	1.66	1.61
1.74	1.61	1.79	1.61	1.57	1.75	1.51	1.97	1.71	1.84	1.7	1.45	1.48	1.49	1.53	1.62	1.48	1.99	1.66	1.61
1.74	1.61	1.79	1.61	1.57	1.75	1.51	1.97	1.7	1.84	1.7	1.45	1.48	1.49	1.53	1.62	1.48	1.99	1.66	1.61
1.74	1.62	1.79	1.61	1.56	1.75	1.51	1.97	1.7	1.83	1.7	1.45	1.48	1.49	1.53	1.62	1.48	1.99	1.66	1.61
1.74	1.62	1.79	1.61	1.56	1.75	1.51	1.97	1.7	1.82	1.7	1.45	1.48	1.49	1.51	1.62	1.48	1.99	1.66	1.61
1.74	1.62	1.79	1.61	1.56	1.75	1.51	1.97	1.69	1.81	1.7	1.45	1.48	1.49	1.51	1.62	1.48	1.99	1.66	1.61
1.74	1.62	1.79	1.61	1.56	1.75	1.51	1.97	1.69	1.81	1.7	1.43	1.48	1.49	1.51	1.62	1.44	1.99	1.66	1.61
1.74	1.62	1.79	1.61	1.56	1.75	1.51	1.97	1.69	1.81	1.7	1.43	1.48	1.49	1.51	1.62	1.44	1.99	1.66	1.61
1.74	1.62	1.79	1.62	1.56	1.75	1.51	1.97	1.69	1.81	1.7	1.43	1.48	1.49	1.51	1.62	1.44	1.99	1.66	1.61
1.74	1.62	1.8	1.62	1.56	1.75	1.51	1.97	1.69	1.81	1.7	1.43	1.48	1.49	1.51	1.62	1.44	1.99	1.66	1.61
1.74	1.62	1.79	1.62	1.55	1.75	1.51	1.97	1.69	1.8	1.7	1.51	1.48	1.49	1.51	1.62	1.44	1.99	1.66	1.61
1.74	1.62	1.79	1.61	1.55	1.75	1.5	1.97	1.69	1.8	1.7	1.49	1.48	1.49	1.51	1.62	1.44	1.99	1.66	1.61
1.74	1.62	1.79	1.61	1.55	1.75	1.5	1.97	1.69	1.79	1.7	1.49	1.48	1.49	1.51	1.62	1.44	1.99	1.66	1.61
1.74	1.62	1.79	1.61	1.55	1.75	1.5	1.97	1.68	1.79	1.66	1.49	1.48	1.49	1.51	1.62	1.44	1.99	1.66	1.61
1.74	1.62	1.79	1.61	1.55	1.75	1.5	1.97	1.68	1.79	1.66	1.49	1.48	1.49	1.51	1.62	1.44	1.99	1.66	1.61
1.74	1.62	1.79	1.61	1.55	1.75	1.5	1.97	1.68	1.79	1.66	1.49	1.48	1.49	1.51	1.62	1.44	1.99	1.66	1.61
1.74	1.62	1.79	1.61	1.55	1.75	1.5	1.97	1.67	1.78	1.66	1.49	1.49	1.49	1.51	1.62	1.44	1.99	1.66	1.61
1.74	1.62	1.79	1.61	1.55	1.75	1.5	1.97	1.67	1.78	1.66	1.48	1.49	1.49	1.51	1.62	1.44	1.99	1.66	1.61
1.74	1.62	1.79	1.61	1.55	1.75	1.5	1.97	1.67	1.77	1.63	1.48	1.49	1.49	1.51	1.62	1.44	1.99	1.66	1.61
1.74	1.62	1.79	1.61	1.55	1.75	1.5	1.97	1.67	1.77	1.63	1.48	1.49	1.49	1.51	1.62	1.44	1.99	1.66	1.61
1.74	1.62	1.79	1.61	1.55	1.75	1.5	1.97	1.67	1.77	1.63	1.48	1.49	1.49	1.51	1.62	1.44	1.99	1.66	1.61
1.74	1.62	1.79	1.61	1.55	1.75	1.5	1.97	1.66	1.76	1.63	1.49	1.49	1.49	1.51	1.62	1.44	1.99	1.66	1.61
1.74	1.62	1.79	1.6	1.55	1.75	1.5	1.97	1.66	1.75	1.63	1.49	1.49	1.49	1.51	1.62	1.44	1.99	1.66	1.61
1.74	1.62	1.79	1.6	1.55	1.75	1.5	1.97	1.66	1.75	1.63	1.49	1.49	1.49	1.51	1.62	1.44	1.99	1.66	1.61
1.75	1.62	1.79	1.59	1.55	1.76	1.5	1.97	1.66	1.75	1.63	1.49	1.49	1.49	1.51	1.62	1.44	1.99	1.66	1.61
1.75	1.62	1.79	1.59	1.55	1.75	1.5	1.97	1.66	1.74	1.63	1.49	1.49	1.49	1.51	1.62	1.44	1.99	1.66	1.61
1.75	1.63	1.79	1.59	1.54	1.75	1.5	1.97	1.66	1.74	1.61	1.49	1.49	1.49	1.51	1.62	1.44	1.99	1.66	1.61
1.75	1.63	1.8	1.59	1.54	1.75	1.5	1.97	1.66	1.73	1.6	1.49	1.49	1.49	1.51	1.62	1.44	1.99	1.66	1.61
1.75	1.62	1.8	1.59	1.54	1.75	1.5	1.97	1.66	1.73	1.6	1.49	1.49	1.49	1.51	1.62	1.44	1.99	1.66	1.61
1.75	1.63	1.79	1.59	1.54	1.75	1.5	1.97	1.66	1.73	1.6	1.49	1.49	1.49	1.51	1.6	1.44	1.99	1.66	1.61
1.75	1.63	1.79	1.59	1.54	1.75	1.5	1.97	1.66	1.73	1.6	1.49	1.49	1.49	1.51	1.6	1.44	1.99	1.66	1.61
1.75	1.63	1.79	1.58	1.54	1.75	1.5	1.97	1.66	1.73	1.6	1.49	1.49	1.49	1.51	1.6	1.44	1.99	1.66	1.61
1.75	1.63	1.79	1.58	1.54	1.75	1.5	1.97	1.66	1.73	1.6	1.49	1.49	1.49	1.51	1.6	1.44	1.99	1.66	1.61
1.75	1.63	1.79	1.58	1.54	1.75	1.49	1.97	1.66	1.72	1.6	1.49	1.5	1.49	1.51	1.6	1.44	1.99	1.66	1.61
1.75	1.63	1.79	1.58	1.54	1.75	1.49	1.97	1.66	1.72	1.6	1.49	1.5	1.49	1.51	1.6	1.44	1.99	1.66	1.61
1.75	1.63	1.79	1.58	1.54	1.75	1.49	1.97	1.66	1.72	1.57	1.49	1.5	1.49	1.51	1.6	1.44	1.99	1.66	1.61
1.75	1.63	1.79	1.58	1.54	1.75	1.49	1.97	1.66	1.71	1.57	1.49	1.5	1.49	1.51	1.6	1.44	1.99	1.66	1.61
1.75	1.63	1.79	1.58	1.54	1.75	1.49	1.97	1.66	1.71	1.57	1.5	1.5	1.49	1.51	1.6	1.44	1.99	1.66	1.61
1.75	1.63	1.79	1.57	1.54	1.75	1.49	1.97	1.66	1.71	1.57	1.5	1.5	1.49	1.51	1.6	1.44	1.99	1.66	1.61
1.75	1.63	1.79	1.57	1.54	1.75	1.49	1.97	1.66	1.7	1.57	1.5	1.5	1.49	1.51	1.6	1.44	1.99	1.66	1.61
1.75	1.63	1.79	1.57	1.54	1.75	1.49	1.97	1.66	1.7	1.57	1.5	1.5	1.49	1.51	1.6	1.44	1.99	1.66	1.61
1.75	1.63	1.79	1.57	1.53	1.75	1.49	1.97	1.66	1.7	1.57	1.5	1.5	1.49	1.51	1.6	1.44	1.99	1.66	1.61
1.75	1.63	1.79	1.57	1.53	1.75	1.49	1.97	1.66	1.7	1.57	1.5	1.5	1.49	1.51	1.6	1.44	1.99	1.66	1.61
1.75	1.63	1.79	1.56	1.53	1.75	1.49	1.97	1.66	1.7	1.55	1.5	1.5	1.49	1.51	1.6	1.44	1.99	1.66	1.61
1.74	1.63	1.79	1.56	1.53	1.75	1.49	1.97	1.66	1.7	1.55	1.5	1.5	1.48	1.51	1.6	1.44	1.99	1.66	1.61
1.74	1.63	1.79	1.56	1.52	1.75	1.49	1.97	1.66	1.7	1.55	1.5	1.5	1.48	1.51	1.6	1.44	1.99	1.66	1.61
1.74	1.63	1.79	1.56	1.52	1.75	1.49	1.97	1.66	1.69	1.55	1.5	1.5	1.48	1.51	1.6	1.44	1.99	1.66	1.61
1.74	1.63	1.79	1.56	1.52	1.75	1.48	1.97	1.66	1.69	1.55	1.5	1.5	1.48	1.51	1.61	1.44	1.99	1.66	1.61
1.74	1.63	1.79	1.56	1.52	1.75	1.48	1.97	1.66	1.69	1.55	1.5	1.5	1.48	1.51	1.61	1.44	1.99	1.66	1.61
1.74	1.63	1.79	1.56	1.52	1.75	1.48	1.97	1.66	1.68	1.55	1.5	1.51	1.48	1.51	1.61	1.44	1.99	1.66	1.61
1.74	1.63	1.79	1.56	1.52	1.75	1.48	1.97	1.66	1.68	1.55	1.5	1.51	1.48	1.51	1.61	1.44	1.99	1.66	1.61
1.75	1.63	1.79	1.56	1.52	1.75	1.48	1.97	1.66	1.67	1.55	1.5	1.51	1.48	1.51	1.61	1.44	1.99	1.66	1.61
1.75	1.63	1.79	1.56	1.51	1.75	1.48	1.97	1.66	1.67	1.55	1.5	1.51	1.48	1.51	1.61	1.44	1.99	1.66	1.61
1.75	1.63	1.79	1.55	1.51	1.75	1.48	1.97	1.66	1.67	1.55	1.5	1.51	1.48	1.51	1.61	1.44	1.99	1.63	1.61
1.75	1.62	1.79	1.55	1.51	1.75	1.48	1.97	1.66	1.67	1.67	1.5	1.51	1.48	1.51	1.61	1.44	1.99	1.63	1.61
1.75	1.62	1.79	1.55	1.51	1.75	1.48	1.97	1.66	1.67	1.67	1.5	1.51	1.48	1.51	1.61	1.44	1.99	1.76	1.61
1.75	1.62	1.79	1.55	1.51	1.75	1.47	1.97	1.66	1.67	1.8	1.5	1.51	1.48	1.51	1.59	1.44	1.99	1.76	1.61
1.75	1.62	1.79	1.55	1.51	1.75	1.47	1.97	1.66	1.67	1.8	1.5	1.51	1.48	1.51	1.59	1.44	1.99	1.76	1.61
1.75	1.61	1.79	1.54	1.51	1.75	1.47	1.97	1.66	1.67	1.8	1.5	1.52	1.48	1.51	1.59	1.44	1.94	1.76	1.61
1.75	1.61	1.79	1.54	1.51	1.75	1.47	1.97	1.66	1.67	1.8	1.5	1.52	1.48	1.51	1.59	1.44	1.94	1.76	1.61
1.75	1.61	1.79	1.53	1.51	1.76	1.47	1.97	1.66	1.67	1.8	1.5	1.52	1.48	1.51	1.59	1.44	1.94	1.76	1.61
1.75	1.61	1.79	1.53	1.51	1.76	1.47	1.97	1.66	1.67	1.8	1.5	1.52	1.48	1.51	1.59	1.44	1.94	1.76	1.61
1.75	1.61	1.79	1.53	1.51	1.76	1.46	1.97	1.66	1.67	1.8	1.5	1.52	1.48	1.51	1.59	1.44	1.94	1.76	1.61
1.75	1.61	1.79	1.53	1.51	1.76	1.46	1.97	1.66	1.67	1.8	1.48	1.52	1.48	1.51	1.59	1.44	1.94	1.76	1.61
1.75	1.61	1.79	1.53	1.51	1.76	1.46	1.97	1.66	1.67	1.8	1.48	1.52	1.48	1.51	1.59	1.44	1.94	1.76	1.61
1.75	1.61	1.8	1.52	1.51	1.75	1.46	1.97	1.66	1.66	1.76	1.48	1.52	1.48	1.51	1.59	1.44	1.94	1.76	1.61
1.75	1.61	1.8	1.52	1.51	1.75	1.46	1.97	1.66	1.66	1.76	1.48	1.52	1.48	1.51	1.59	1.44	1.94	1.76	1.61
1.75	1.61	1.8	1.52	1.51	1.75	1.46	1.97	1.66	1.66	1.76	1.48	1.52	1.48	1.51	1.59	1.44	1.94	1.76	1.61
1.75	1.61	1.8	1.52	1.51	1.75	1.46	1.97	1.66	1.66	1.76	1.48	1.52	1.48	1.51	1.59	1.44	1.93	1.76	1.61
1.75	1.61	1.8	1.52	1.51	1.75	1.46	1.97	1.66	1.66	1.76	1.48	1.52	1.48	1.51	1.59	1.44	1.93	1.76	1.61
1.75	1.6	1.8	1.51	1.51	1.75	1.46	1.97	1.66	1.66	1.76	1.48	1.52	1.48	1.51	1.59	1.44	1.93	1.76	1.61
1.75	1.6	1.8	1.51	1.51	1.75	1.46	1.97	1.66	1.66	1.76	1.48	1.52	1.48	1.51	1.59	1.44	1.93	1.76	1.61
1.75	1.6	1.8	1.51	1.51	1.75	1.46	1.97	1.66	1.66	1.76	1.48	1.52	1.48	1.51	1.59	1.44	1.93	1.76	1.61
1.75	1.6	1.8	1.51	1.51	1.75	1.46	1.97	1.66	1.66	1.76	1.48	1.52	1.48	1.51	1.59	1.44	1.93	1.76	1.61
1.75	1.6	1.8	1.51	1.51	1.75	1.46	1.97	1.66	1.66	1.76	1.48	1.52	1.48	1.51	1.59	1.44	1.93	1.76	1.61
1.75	1.6	1.8	1.51	1.51	1.75	1.46	1.97	1.66	1.65	1.76	1.48	1.52	1.48	1.51	1.59	1.44	1.93	1.76	1.61
1.75	1.6	1.8	1.51	1.51	1.75	1.46	1.97	1.66	1.64	1.76	1.48	1.52	1.48	1.48	1.59	1.44	1.92	1.76	1.61
1.75	1.6	1.8	1.51	1.51	1.76	1.46	1.97	1.66	1.64	1.76	1.48	1.52	1.48	1.48	1.59	1.44	1.92	1.76	1.61
1.75	1.6	1.8	1.51	1.51	1.76	1.46	1.97	1.66	1.64	1.74	1.48	1.62	1.51	1.48	1.59	1.44	1.92	1.76	1.61
1.75	1.6	1.8	1.51	1.51	1.76	1.46	1.97	1.66	1.64	1.74	1.48	1.62	1.51	1.5	1.59	1.44	1.92	1.76	1.61
1.74	1.59	1.8	1.51	1.52	1.76	1.46	1.97	1.66	1.64	1.74	1.48	1.62	1.51	1.5	1.59	1.44	1.92	1.76	1.61
1.74	1.59	1.8	1.51	1.52	1.76	1.46	1.97	1.66	1.63	1.74	1.48	1.62	1.51	1.5	1.59	1.44	1.92	1.76	1.61
1.74	1.59	1.8	1.51	1.52	1.76	1.46	1.97	1.66	1.63	1.74	1.48	1.69	1.51	1.5	1.59	1.44	1.92	1.76	1.61
1.74	1.58	1.8	1.51	1.52	1.76	1.46	1.97	1.66	1.63	1.74	1.48	1.69	1.51	1.5	1.59	1.44	1.92	1.76	1.61
1.73	1.58	1.8	1.51	1.52	1.76	1.46	1.97	1.66	1.63	1.74	1.48	1.69	1.51	1.5	1.59	1.44	1.92	1.76	1.61
1.73	1.58	1.8	1.51	1.52	1.76	1.45	1.97	1.66	1.63	1.74	1.48	1.78	1.51	1.5	1.59	1.44	1.88	1.76	1.61
1.73	1.58	1.8	1.51	1.52	1.76	1.45	1.97	1.66	1.63	1.74	1.48	1.78	1.48	1.5	1.59	1.44	1.86	1.76	1.61
1.73	1.58	1.8	1.51	1.52	1.76	1.45	1.97	1.66	1.63	1.74	1.48	1.78	1.48	1.5	1.59	1.44	1.86	1.76	1.61
1.73	1.58	1.83	1.5	1.52	1.76	1.45	1.97	1.66	1.63	1.74	1.48	1.78	1.48	1.59	1.59	1.44	1.86	1.72	1.61
1.73	1.58	1.83	1.5	1.52	1.76	1.45	1.97	1.66	1.63	1.74	1.48	1.78	1.48	1.59	1.6	1.44	1.86	1.69	1.59
1.73	1.58	1.83	1.5	1.52	1.76	1.45	1.97	1.66	1.62	1.74	1.48	1.78	1.48	1.56	1.6	1.44	1.86	1.66	1.59
1.73	1.58	1.83	1.5	1.52	1.76	1.45	1.97	1.66	1.62	1.74	1.48	1.78	1.48	1.56	1.6	1.44	1.86	1.66	1.59
1.73	1.58	1.83	1.5	1.52	1.76	1.45	1.97	1.66	1.62	1.74	1.48	1.78	1.48	1.56	1.6	1.44	1.85	1.66	1.59
1.73	1.57	1.83	1.5	1.52	1.76	1.44	1.97	1.66	1.62	1.74	1.48	1.78	1.48	1.56	1.6	1.44	1.85	1.66	1.59
1.73	1.57	1.83	1.5	1.52	1.76	1.44	1.97	1.66	1.61	1.74	1.48	1.78	1.48	1.56	1.6	1.44	1.85	1.66	1.59
1.73	1.57	1.82	1.51	1.52	1.76	1.44	1.97	1.66	1.61	1.74	1.48	1.78	1.48	1.56	1.6	1.44	1.85	1.66	1.59
1.73	1.57	1.82	1.51	1.52	1.76	1.44	1.97	1.66	1.61	1.74	1.48	1.77	1.48	1.53	1.6	1.44	1.85	1.63	1.59
1.73	1.57	1.82	1.51	1.52	1.76	1.44	1.97	1.66	1.61	1.74	1.48	1.77	1.48	1.5	1.58	1.44	1.83	1.63	1.59
1.73	1.57	1.82	1.5	1.52	1.76	1.44	1.97	1.66	1.61	1.74	1.48	1.77	1.48	1.5	1.58	1.44	1.83	1.63	1.59
1.73	1.57	1.82	1.5	1.52	1.76	1.44	1.97	1.66	1.61	1.74	1.48	1.75	1.48	1.5	1.57	1.44	1.83	1.63	1.59
1.73	1.57	1.82	1.5	1.52	1.76	1.44	1.96	1.66	1.61	1.74	1.48	1.75	1.48	1.5	1.57	1.44	1.83	1.63	1.59
1.73	1.56	1.82	1.5	1.52	1.76	1.44	1.96	1.66	1.61	1.74	1.48	1.75	1.48	1.58	1.57	1.44	1.83	1.63	1.59
1.73	1.56	1.82	1.5	1.52	1.76	1.44	1.96	1.66	1.6	1.71	1.48	1.75	1.48	1.58	1.57	1.44	1.83	1.63	1.59
1.73	1.56	1.82	1.5	1.52	1.76	1.44	1.96	1.66	1.6	1.71	1.48	1.75	1.48	1.58	1.55	1.44	1.83	1.63	1.59
1.73	1.56	1.82	1.49	1.52	1.76	1.45	1.96	1.66	1.6	1.71	1.48	1.75	1.48	1.58	1.55	1.44	1.83	1.63	1.57
1.74	1.56	1.82	1.49	1.52	1.76	1.45	1.96	1.66	1.6	1.71	1.48	1.75	1.48	1.58	1.55	1.54	1.83	1.65	1.57
1.74	1.56	1.82	1.49	1.52	1.76	1.45	1.96	1.66	1.6	1.71	1.48	1.75	1.48	1.58	1.55	1.54	1.83	1.65	1.57
1.74	1.55	1.82	1.49	1.52	1.76	1.45	1.96	1.66	1.6	1.71	1.48	1.75	1.48	1.58	1.55	1.54	1.83	1.65	1.57
1.74	1.55	1.82	1.49	1.52	1.76	1.45	1.96	1.66	1.59	1.71	1.48	1.75	1.48	1.58	1.55	1.54	1.83	1.65	1.57
1.74	1.55	1.82	1.49	1.52	1.75	1.45	1.96	1.66	1.59	1.71	1.48	1.75	1.48	1.58	1.55	1.54	1.83	1.65	1.57
1.74	1.55	1.82	1.48	1.52	1.75	1.45	1.96	1.66	1.59	1.71	1.48	1.75	1.48	1.58	1.55	1.54	1.83	1.65	1.57
1.74	1.55	1.82	1.48	1.52	1.75	1.45	1.96	1.67	1.59	1.71	1.48	1.75	1.48	1.58	1.55	1.54	1.83	1.65	1.57
1.74	1.55	1.82	1.48	1.52	1.75	1.45	1.96	1.67	1.59	1.71	1.48	1.75	1.48	1.58	1.55	1.54	1.83	1.65	1.57
1.74	1.55	1.82	1.48	1.52	1.75	1.45	1.96	1.67	1.59	1.71	1.48	1.75	1.48	1.58	1.55	1.54	1.81	1.65	1.57
1.74	1.55	1.82	1.48	1.52	1.75	1.45	1.96	1.67	1.59	1.71	1.47	1.75	1.48	1.58	1.55	1.54	1.81	1.65	1.57
1.74	1.55	1.83	1.48	1.52	1.75	1.45	1.96	1.67	1.59	1.71	1.47	1.75	1.48	1.58	1.55	1.54	1.81	1.65	1.57
1.74	1.55	1.83	1.48	1.52	1.75	1.45	1.96	1.67	1.59	1.71	1.47	1.75	1.48	1.58	1.55	1.54	1.81	1.65	1.57
1.74	1.54	1.83	1.48	1.52	1.75	1.45	1.95	1.66	1.59	1.71	1.47	1.75	1.48	1.58	1.55	1.54	1.81	1.65	1.57
1.74	1.54	1.83	1.48	1.52	1.75	1.45	1.95	1.66	1.58	1.71	1.47	1.75	1.48	1.58	1.55	1.54	1.81	1.65	1.57
1.74	1.54	1.83	1.48	1.52	1.75	1.45	1.95	1.67	1.58	1.71	1.47	1.75	1.48	1.58	1.55	1.54	1.81	1.65	1.57
1.74	1.54	1.83	1.48	1.52	1.74	1.45	1.95	1.67	1.58	1.71	1.47	1.73	1.48	1.58	1.55	1.54	1.81	1.63	1.57
1.74	1.54	1.83	1.48	1.52	1.74	1.45	1.95	1.67	1.57	1.71	1.47	1.73	1.48	1.58	1.55	1.54	1.81	1.63	1.57
1.74	1.54	1.83	1.48	1.52	1.74	1.45	1.95	1.67	1.57	1.71	1.47	1.71	1.48	1.58	1.55	1.54	1.9	1.63	1.57
1.74	1.54	1.83	1.48	1.52	1.74	1.45	1.95	1.67	1.57	1.71	1.47	1.71	1.48	1.58	1.55	1.54	1.9	1.63	1.57
1.74	1.54	1.83	1.48	1.52	1.73	1.45	1.95	1.67	1.57	1.71	1.47	1.71	1.48	1.58	1.55	1.54	1.9	1.63	1.57
1.74	1.57	1.83	1.48	1.52	1.73	1.45	1.95	1.67	1.57	1.71	1.47	1.71	1.48	1.58	1.55	1.54	1.9	1.63	1.57
1.74	1.57	1.83	1.48	1.52	1.73	1.45	1.95	1.67	1.57	1.71	1.47	1.71	1.48	1.58	1.55	1.54	1.9	1.63	1.57
1.74	1.57	1.82	1.48	1.52	1.72	1.45	1.95	1.67	1.57	1.71	1.47	1.71	1.48	1.58	1.55	1.54	1.9	1.63	1.57
1.74	1.57	1.82	1.48	1.52	1.72	1.45	1.95	1.67	1.57	1.71	1.47	1.71	1.48	1.58	1.55	1.54	1.9	1.63	1.57
1.73	1.57	1.82	1.48	1.52	1.72	1.45	1.95	1.67	1.57	1.71	1.47	1.71	1.48	1.58	1.55	1.54	1.9	1.63	1.57
1.73	1.57	1.82	1.48	1.52	1.72	1.45	1.95	1.67	1.57	1.71	1.47	1.71	1.48	1.58	1.55	1.54	1.9	1.64	1.57
1.73	1.57	1.82	1.48	1.52	1.72	1.45	1.95	1.67	1.57	1.71	1.47	1.71	1.48	1.58	1.55	1.54	1.9	1.64	1.57
1.73	1.57	1.82	1.48	1.52	1.72	1.45	1.95	1.67	1.57	1.71	1.47	1.71	1.48	1.58	1.55	1.54	1.9	1.64	1.57
1.72	1.57	1.82	1.48	1.52	1.72	1.45	1.95	1.67	1.57	1.71	1.47	1.71	1.48	1.58	1.55	1.54	1.89	1.64	1.57
1.72	1.57	1.82	1.48	1.52	1.71	1.45	1.95	1.67	1.57	1.71	1.47	1.71	1.45	1.58	1.55	1.54	1.89	1.64	1.57
1.72	1.57	1.82	1.48	1.52	1.71	1.45	1.95	1.67	1.57	1.71	1.47	1.71	1.45	1.58	1.55	1.54	1.89	1.64	1.57
1.72	1.57	1.82	1.49	1.52	1.71	1.45	1.95	1.68	1.57	1.71	1.47	1.71	1.45	1.58	1.55	1.54	1.89	1.64	1.57
1.72	1.57	1.82	1.49	1.52	1.71	1.45	1.95	1.68	1.57	1.71	1.47	1.71	1.46	1.58	1.55	1.54	1.89	1.64	1.57
1.72	1.57	1.82	1.49	1.52	1.71	1.45	1.95	1.68	1.57	1.71	1.47	1.71	1.46	1.58	1.55	1.54	1.89	1.64	1.57
1.72	1.57	1.82	1.49	1.52	1.71	1.45	1.94	1.68	1.57	1.71	1.47	1.71	1.46	1.58	1.55	1.54	1.89	1.64	1.57
1.72	1.56	1.82	1.49	1.52	1.71	1.45	1.94	1.68	1.57	1.71	1.47	1.71	1.46	1.55	1.55	1.54	1.89	1.64	1.57
1.72	1.56	1.82	1.49	1.52	1.71	1.45	1.94	1.68	1.57	1.71	1.47	1.71	1.46	1.55	1.55	1.54	1.89	1.64	1.57
1.72	1.56	1.82	1.49	1.52	1.71	1.45	1.94	1.68	1.57	1.71	1.47	1.71	1.46	1.55	1.55	1.54	1.89	1.64	1.57
1.72	1.56	1.82	1.49	1.52	1.71	1.45	1.94	1.68	1.57	1.71	1.47	1.71	1.46	1.55	1.55	1.54	1.89	1.64	1.57
1.71	1.56	1.82	1.5	1.52	1.71	1.45	1.94	1.68	1.57	1.71	1.47	1.71	1.46	1.55	1.55	1.54	1.89	1.64	1.57
1.71	1.56	1.82	1.5	1.52	1.71	1.45	1.94	1.68	1.57	1.71	1.47	1.71	1.47	1.55	1.55	1.54	1.89	1.64	1.57
1.71	1.56	1.82	1.5	1.52	1.71	1.45	1.94	1.68	1.57	1.71	1.47	1.71	1.47	1.55	1.55	1.54	1.89	1.64	1.57
1.71	1.56	1.82	1.5	1.52	1.71	1.45	1.94	1.68	1.57	1.71	1.47	1.71	1.47	1.55	1.55	1.54	1.89	1.61	1.57
1.71	1.56	1.82	1.5	1.52	1.71	1.45	1.94	1.68	1.57	1.71	1.47	1.71	1.47	1.55	1.55	1.54	1.89	1.61	1.53
1.71	1.56	1.82	1.5	1.52	1.71	1.45	1.94	1.68	1.57	1.71	1.47	1.71	1.47	1.52	1.55	1.54	1.89	1.61	1.49
1.71	1.56	1.82	1.5	1.52	1.71	1.45	1.94	1.68	1.57	1.71	1.46	1.71	1.47	1.52	1.55	1.54	1.88	1.61	1.49
1.71	1.55	1.82	1.5	1.54	1.71	1.45	1.94	1.68	1.57	1.71	1.46	1.71	1.47	1.52	1.55	1.54	1.88	1.61	1.49
1.71	1.55	1.81	1.51	1.54	1.71	1.45	1.94	1.68	1.57	1.71	1.46	1.71	1.47	1.62	1.55	1.5	1.88	1.61	1.49
1.71	1.55	1.81	1.51	1.54	1.71	1.45	1.94	1.68	1.57	1.71	1.46	1.71	1.47	1.62	1.55	1.5	1.88	1.61	1.49
1.71	1.55	1.81	1.51	1.54	1.71	1.45	1.94	1.69	1.57	1.71	1.46	1.71	1.47	1.62	1.55	1.46	1.88	1.61	1.49
1.7	1.55	1.81	1.51	1.54	1.71	1.45	1.94	1.69	1.57	1.71	1.46	1.71	1.47	1.62	1.55	1.46	1.88	1.61	1.49
1.7	1.55	1.81	1.51	1.54	1.71	1.45	1.93	1.69	1.57	1.71	1.46	1.71	1.47	1.62	1.55	1.43	1.88	1.61	1.49
1.7	1.55	1.8	1.51	1.54	1.71	1.46	1.93	1.69	1.57	1.71	1.46	1.71	1.47	1.62	1.55	1.43	1.88	1.61	1.49
1.7	1.55	1.8	1.51	1.54	1.71	1.46	1.93	1.69	1.57	1.71	1.46	1.71	1.47	1.62	1.55	1.43	1.88	1.61	1.49
1.7	1.55	1.8	1.51	1.54	1.71	1.46	1.93	1.69	1.57	1.71	1.46	1.71	1.47	1.62	1.55	1.43	1.88	1.61	1.45
1.7	1.55	1.8	1.51	1.54	1.71	1.46	1.93	1.69	1.57	1.71	1.46	1.71	1.47	1.62	1.55	1.4	1.88	1.61	1.45
1.7	1.55	1.79	1.51	1.54	1.71	1.46	1.93	1.69	1.57	1.71	1.46	1.71	1.47	1.62	1.55	1.4	1.88	1.61	1.45
1.7	1.55	1.79	1.51	1.54	1.71	1.46	1.93	1.69	1.58	1.71	1.46	1.71	1.48	1.62	1.55	1.4	1.88	1.6	1.45
1.7	1.55	1.79	1.51	1.54	1.71	1.46	1.93	1.69	1.58	1.71	1.46	1.71	1.47	1.62	1.55	1.4	1.88	1.6	1.45
1.7	1.55	1.78	1.52	1.54	1.72	1.46	1.93	1.68	1.58	1.71	1.45	1.71	1.47	1.62	1.55	1.4	1.88	1.6	1.45
1.7	1.54	1.78	1.52	1.54	1.72	1.46	1.93	1.68	1.58	1.71	1.45	1.71	1.47	1.62	1.55	1.4	1.88	1.6	1.45
1.7	1.54	1.77	1.52	1.55	1.72	1.46	1.93	1.67	1.58	1.71	1.45	1.71	1.47	1.62	1.55	1.42	1.88	1.6	1.46
1.7	1.54	1.77	1.52	1.55	1.72	1.46	1.93	1.67	1.58	1.71	1.45	1.71	1.47	1.62	1.55	1.42	1.88	1.6	1.46
1.7	1.54	1.76	1.52	1.55	1.72	1.46	1.93	1.67	1.58	1.71	1.45	1.71	1.47	1.62	1.55	1.42	1.88	1.6	1.46
1.7	1.54	1.76	1.52	1.55	1.72	1.46	1.93	1.66	1.58	1.71	1.45	1.71	1.47	1.62	1.55	1.42	1.88	1.6	1.47
1.7	1.54	1.75	1.52	1.55	1.72	1.46	1.93	1.66	1.58	1.71	1.45	1.71	1.47	1.62	1.59	1.42	1.88	1.6	1.47
1.7	1.54	1.75	1.52	1.55	1.72	1.46	1.93	1.66	1.58	1.71	1.45	1.71	1.47	1.62	1.59	1.42	1.88	1.6	1.47
1.7	1.54	1.75	1.52	1.55	1.71	1.46	1.93	1.66	1.58	1.71	1.45	1.71	1.47	1.62	1.59	1.59	1.88	1.6	1.44
1.7	1.54	1.75	1.52	1.55	1.71	1.46	1.93	1.65	1.58	1.71	1.45	1.71	1.47	1.62	1.59	1.59	1.88	1.6	1.44
1.7	1.54	1.74	1.53	1.55	1.71	1.46	1.93	1.65	1.58	1.71	1.45	1.71	1.47	1.62	1.59	1.59	1.87	1.6	1.44
1.7	1.54	1.74	1.53	1.55	1.71	1.46	1.93	1.65	1.59	1.71	1.45	1.71	1.47	1.62	1.59	1.59	1.87	1.59	1.44
1.7	1.54	1.74	1.53	1.55	1.71	1.46	1.93	1.65	1.59	1.71	1.45	1.71	1.47	1.62	1.59	1.59	1.87	1.59	1.44
1.7	1.54	1.74	1.53	1.55	1.71	1.46	1.93	1.65	1.59	1.71	1.45	1.71	1.47	1.62	1.59	1.59	1.87	1.59	1.44
1.7	1.54	1.73	1.54	1.55	1.71	1.46	1.93	1.64	1.59	1.71	1.45	1.71	1.47	1.62	1.59	1.59	1.87	1.59	1.44
1.7	1.54	1.73	1.54	1.55	1.71	1.46	1.93	1.64	1.59	1.71	1.45	1.71	1.47	1.62	1.59	1.59	1.87	1.59	1.44
1.7	1.54	1.73	1.54	1.55	1.71	1.46	1.93	1.64	1.59	1.71	1.45	1.71	1.47	1.62	1.59	1.59	1.87	1.59	1.45
1.7	1.54	1.73	1.54	1.55	1.71	1.46	1.93	1.64	1.59	1.71	1.45	1.71	1.47	1.62	1.59	1.59	1.87	1.59	1.45
1.7	1.54	1.72	1.54	1.55	1.71	1.46	1.93	1.63	1.59	1.71	1.45	1.71	1.47	1.62	1.59	1.59	1.87	1.59	1.45
1.7	1.54	1.72	1.53	1.55	1.7	1.46	1.93	1.63	1.6	1.71	1.45	1.71	1.47	1.62	1.59	1.59	1.87	1.59	1.45
1.7	1.54	1.72	1.53	1.55	1.7	1.46	1.93	1.62	1.59	1.71	1.45	1.71	1.47	1.62	1.59	1.59	1.87	1.59	1.45
1.7	1.54	1.72	1.53	1.55	1.7	1.46	1.93	1.62	1.59	1.71	1.45	1.71	1.46	1.62	1.59	1.59	1.87	1.59	1.46
1.7	1.53	1.72	1.53	1.55	1.7	1.46	1.93	1.62	1.59	1.71	1.45	1.7	1.46	1.62	1.59	1.59	1.86	1.59	1.46
1.7	1.53	1.72	1.53	1.55	1.7	1.46	1.93	1.62	1.59	1.71	1.45	1.7	1.46	1.62	1.59	1.59	1.86	1.59	1.46
1.7	1.53	1.72	1.53	1.55	1.7	1.46	1.93	1.62	1.59	1.68	1.45	1.7	1.46	1.62	1.59	1.59	1.86	1.59	1.46
1.7	1.53	1.72	1.53	1.55	1.7	1.46	1.93	1.62	1.59	1.78	1.45	1.7	1.46	1.62	1.59	1.59	1.86	1.59	1.46
1.7	1.53	1.72	1.53	1.55	1.7	1.46	1.93	1.62	1.59	1.78	1.45	1.7	1.46	1.62	1.59	1.59	1.86	1.59	1.46
1.7	1.53	1.72	1.53	1.55	1.7	1.46	1.92	1.62	1.59	1.78	1.45	1.7	1.46	1.62	1.59	1.59	1.86	1.59	1.46
1.7	1.53	1.72	1.53	1.55	1.69	1.46	1.92	1.62	1.59	1.78	1.45	1.7	1.46	1.62	1.59	1.56	1.86	1.59	1.46
1.7	1.53	1.72	1.53	1.55	1.69	1.46	1.92	1.62	1.59	1.78	1.45	1.7	1.46	1.62	1.59	1.52	1.86	1.59	1.46
1.7	1.53	1.72	1.53	1.55	1.69	1.46	1.92	1.61	1.59	1.78	1.45	1.7	1.46	1.62	1.59	1.49	1.86	1.59	1.46
1.7	1.53	1.72	1.53	1.55	1.69	1.46	1.92	1.61	1.6	1.78	1.45	1.7	1.46	1.62	1.59	1.49	1.86	1.59	1.46
1.7	1.53	1.72	1.53	1.56	1.69	1.46	1.92	1.61	1.6	1.78	1.45	1.7	1.46	1.62	1.59	1.46	1.86	1.58	1.46
1.7	1.53	1.72	1.53	1.56	1.69	1.46	1.92	1.61	1.6	1.78	1.45	1.7	1.45	1.62	1.59	1.43	1.86	1.58	1.46
1.7	1.53	1.72	1.53	1.56	1.69	1.46	1.91	1.61	1.6	1.78	1.45	1.7	1.45	1.62	1.59	1.43	1.86	1.58	1.46
1.7	1.53	1.71	1.52	1.56	1.69	1.46	1.91	1.61	1.6	1.78	1.45	1.7	1.45	1.62	1.59	1.43	1.86	1.58	1.46
1.7	1.52	1.71	1.52	1.56	1.69	1.46	1.91	1.61	1.6	1.78	1.45	1.7	1.45	1.62	1.59	1.43	1.86	1.58	1.46
1.7	1.52	1.71	1.52	1.56	1.69	1.46	1.91	1.61	1.6	1.78	1.45	1.7	1.45	1.62	1.59	1.43	1.86	1.58	1.46
1.7	1.52	1.71	1.52	1.56	1.69	1.46	1.91	1.6	1.6	1.78	1.45	1.7	1.45	1.62	1.59	1.43	1.86	1.58	1.43
1.7	1.52	1.71	1.52	1.56	1.68	1.46	1.97	1.6	1.61	1.78	1.45	1.7	1.45	1.62	1.59	1.44	1.86	1.58	1.43
1.7	1.52	1.71	1.52	1.56	1.68	1.47	1.97	1.6	1.61	1.78	1.45	1.7	1.45	1.62	1.59	1.44	1.86	1.58	1.43
1.7	1.52	1.7	1.52	1.56	1.68	1.47	1.97	1.6	1.61	1.78	1.45	1.7	1.45	1.62	1.59	1.44	1.86	1.58	1.43
1.7	1.52	1.7	1.52	1.56	1.68	1.47	1.97	1.6	1.61	1.78	1.45	1.7	1.45	1.62	1.59	1.44	1.86	1.58	1.43
1.7	1.52	1.7	1.52	1.56	1.68	1.47	1.97	1.6	1.61	1.78	1.45	1.7	1.45	1.62	1.59	1.44	1.86	1.58	1.46
1.7	1.52	1.7	1.52	1.56	1.68	1.47	1.97	1.6	1.62	1.78	1.45	1.7	1.45	1.62	1.59	1.44	1.86	1.58	1.46
1.7	1.52	1.7	1.52	1.56	1.68	1.47	1.97	1.6	1.62	1.78	1.45	1.7	1.45	1.62	1.59	1.44	1.86	1.58	1.46
1.7	1.52	1.7	1.52	1.56	1.68	1.47	1.97	1.6	1.61	1.78	1.45	1.7	1.45	1.62	1.58	1.44	1.86	1.58	1.46
1.7	1.52	1.7	1.51	1.56	1.68	1.47	1.97	1.6	1.61	1.78	1.45	1.7	1.45	1.62	1.58	1.44	1.86	1.58	1.46
1.7	1.52	1.69	1.51	1.56	1.68	1.48	1.96	1.6	1.61	1.78	1.45	1.7	1.45	1.62	1.58	1.44	1.86	1.58	1.46
1.7	1.52	1.69	1.51	1.56	1.68	1.48	1.96	1.6	1.61	1.78	1.45	1.7	1.45	1.62	1.58	1.44	1.86	1.58	1.46
1.7	1.52	1.69	1.51	1.56	1.68	1.48	1.96	1.6	1.61	1.78	1.45	1.7	1.45	1.62	1.58	1.44	1.86	1.58	1.46
1.7	1.52	1.69	1.51	1.56	1.68	1.48	1.96	1.6	1.61	1.78	1.45	1.7	1.45	1.62	1.58	1.44	1.86	1.58	1.46
1.7	1.52	1.69	1.51	1.56	1.68	1.48	1.96	1.6	1.61	1.78	1.45	1.7	1.52	1.62	1.58	1.44	1.86	1.58	1.46
1.7	1.52	1.69	1.51	1.56	1.67	1.48	1.96	1.6	1.61	1.78	1.45	1.7	1.52	1.62	1.58	1.43	1.86	1.58	1.46
1.7	1.52	1.69	1.51	1.56	1.67	1.48	1.96	1.6	1.61	1.78	1.45	1.7	1.52	1.62	1.58	1.43	1.83	1.58	1.46
1.7	1.51	1.69	1.51	1.56	1.67	1.48	1.96	1.6	1.65	1.78	1.45	1.7	1.52	1.62	1.58	1.43	1.81	1.58	1.46
1.7	1.51	1.69	1.51	1.56	1.67	1.48	1.96	1.59	1.69	1.78	1.45	1.7	1.52	1.62	1.58	1.43	1.81	1.58	1.46
1.7	1.51	1.69	1.51	1.56	1.67	1.48	1.96	1.59	1.69	1.78	1.45	1.7	1.52	1.62	1.58	1.43	1.81	1.58	1.46
1.7	1.51	1.69	1.51	1.56	1.67	1.48	1.96	1.59	1.69	1.78	1.45	1.7	1.52	1.62	1.58	1.43	1.81	1.58	1.46
1.7	1.51	1.69	1.51	1.56	1.67	1.48	1.96	1.59	1.69	1.78	1.45	1.7	1.52	1.62	1.58	1.44	1.81	1.58	1.46
1.7	1.51	1.69	1.51	1.56	1.67	1.48	1.96	1.59	1.69	1.78	1.45	1.7	1.52	1.62	1.58	1.44	1.81	1.58	1.52
1.7	1.51	1.69	1.51	1.56	1.67	1.48	1.96	1.59	1.69	1.78	1.45	1.7	1.52	1.62	1.58	1.45	1.81	1.58	1.62
1.7	1.51	1.69	1.51	1.56	1.67	1.48	1.96	1.59	1.7	1.78	1.45	1.7	1.52	1.62	1.58	1.45	1.81	1.58	1.62
1.7	1.51	1.69	1.51	1.56	1.67	1.48	1.96	1.63	1.7	1.78	1.45	1.7	1.52	1.62	1.58	1.45	1.8	1.58	1.62
1.7	1.51	1.69	1.51	1.56	1.67	1.48	1.96	1.63	1.7	1.78	1.45	1.7	1.52	1.62	1.58	1.45	1.8	1.58	1.62
1.7	1.51	1.69	1.51	1.56	1.67	1.48	1.96	1.66	1.7	1.78	1.45	1.7	1.52	1.62	1.58	1.45	1.8	1.58	1.62
1.7	1.51	1.69	1.51	1.56	1.67	1.48	1.96	1.66	1.7	1.78	1.45	1.7	1.52	1.62	1.58	1.45	1.8	1.68	1.62
1.7	1.5	1.69	1.51	1.56	1.66	1.48	1.96	1.66	1.7	1.78	1.45	1.7	1.52	1.62	1.58	1.46	1.8	1.68	1.62
1.7	1.5	1.69	1.51	1.56	1.66	1.49	1.96	1.66	1.7	1.78	1.45	1.7	1.52	1.62	1.58	1.46	1.79	1.68	1.62
1.7	1.5	1.69	1.51	1.56	1.66	1.49	1.96	1.66	1.7	1.78	1.45	1.7	1.52	1.62	1.58	1.46	1.79	1.68	1.62
1.7	1.5	1.69	1.51	1.56	1.66	1.49	1.96	1.66	1.7	1.78	1.45	1.7	1.52	1.62	1.58	1.46	1.79	1.68	1.62
1.7	1.5	1.69	1.51	1.56	1.66	1.49	1.96	1.66	1.69	1.78	1.45	1.7	1.52	1.62	1.58	1.46	1.79	1.68	1.62
1.7	1.5	1.69	1.51	1.56	1.66	1.49	1.96	1.66	1.69	1.78	1.45	1.7	1.5	1.62	1.58	1.46	1.79	1.68	1.62
1.7	1.5	1.69	1.51	1.56	1.66	1.49	1.96	1.66	1.69	1.78	1.45	1.7	1.5	1.62	1.58	1.45	1.79	1.68	1.62
1.7	1.49	1.69	1.51	1.56	1.66	1.49	1.96	1.66	1.69	1.78	1.45	1.7	1.5	1.62	1.58	1.45	1.79	1.68	1.62
1.7	1.49	1.69	1.51	1.56	1.66	1.49	1.96	1.66	1.69	1.78	1.45	1.7	1.5	1.62	1.58	1.45	1.79	1.68	1.62
1.7	1.49	1.69	1.52	1.56	1.66	1.49	1.96	1.66	1.69	1.78	1.45	1.7	1.5	1.62	1.58	1.46	1.79	1.68	1.63
1.7	1.49	1.69	1.52	1.56	1.66	1.49	1.96	1.66	1.69	1.78	1.45	1.7	1.5	1.62	1.58	1.46	1.79	1.68	1.63
1.7	1.49	1.69	1.52	1.56	1.66	1.49	1.96	1.66	1.69	1.78	1.45	1.7	1.5	1.62	1.58	1.46	1.79	1.68	1.63
1.7	1.49	1.69	1.52	1.56	1.66	1.49	1.96	1.66	1.69	1.78	1.45	1.7	1.5	1.62	1.58	1.46	1.79	1.68	1.63
1.7	1.49	1.69	1.52	1.56	1.66	1.5	1.96	1.66	1.69	1.78	1.45	1.7	1.5	1.62	1.58	1.46	1.79	1.68	1.63
1.7	1.49	1.69	1.52	1.56	1.66	1.5	1.96	1.66	1.69	1.78	1.45	1.7	1.5	1.59	1.58	1.46	1.79	1.68	1.63
1.7	1.48	1.69	1.52	1.56	1.66	1.5	1.95	1.66	1.7	1.78	1.45	1.7	1.5	1.59	1.58	1.46	1.79	1.68	1.63
1.7	1.48	1.69	1.52	1.56	1.66	1.5	1.95	1.66	1.7	1.78	1.45	1.7	1.5	1.59	1.58	1.46	1.77	1.68	1.63
1.7	1.48	1.69	1.52	1.56	1.66	1.5	1.95	1.66	1.7	1.78	1.45	1.7	1.5	1.59	1.58	1.46	1.77	1.68	1.63
1.7	1.48	1.69	1.52	1.56	1.65	1.5	1.95	1.66	1.7	1.78	1.45	1.7	1.5	1.59	1.58	1.46	1.77	1.68	1.63
1.7	1.48	1.69	1.53	1.56	1.65	1.5	1.95	1.66	1.7	1.78	1.45	1.7	1.5	1.59	1.58	1.46	1.77	1.68	1.63
1.7	1.48	1.69	1.53	1.56	1.65	1.5	1.95	1.66	1.7	1.78	1.45	1.7	1.5	1.59	1.58	1.46	1.77	1.68	1.63
1.7	1.48	1.69	1.53	1.56	1.65	1.5	1.95	1.66	1.7	1.78	1.45	1.7	1.5	1.59	1.58	1.46	1.77	1.68	1.63
1.7	1.48	1.69	1.53	1.56	1.65	1.5	1.95	1.66	1.7	1.78	1.45	1.7	1.5	1.59	1.58	1.46	1.77	1.68	1.63
1.7	1.48	1.69	1.53	1.56	1.65	1.5	1.95	1.66	1.7	1.78	1.45	1.7	1.5	1.59	1.58	1.47	1.77	1.68	1.63
1.71	1.48	1.69	1.53	1.56	1.65	1.5	1.95	1.66	1.7	1.78	1.45	1.7	1.5	1.59	1.58	1.47	1.77	1.68	1.63
1.71	1.48	1.69	1.53	1.56	1.65	1.5	1.95	1.66	1.7	1.78	1.45	1.7	1.5	1.59	1.58	1.47	1.77	1.68	1.63
1.71	1.48	1.69	1.53	1.56	1.65	1.5	1.95	1.66	1.7	1.78	1.45	1.68	1.5	1.59	1.58	1.47	1.77	1.68	1.63
1.71	1.48	1.69	1.53	1.56	1.64	1.51	1.95	1.66	1.7	1.78	1.45	1.68	1.5	1.59	1.58	1.47	1.77	1.68	1.63
1.71	1.48	1.69	1.53	1.56	1.64	1.5	1.95	1.66	1.7	1.78	1.45	1.68	1.5	1.59	1.58	1.47	1.75	1.68	1.63
1.71	1.47	1.69	1.53	1.56	1.64	1.5	1.95	1.66	1.7	1.78	1.45	1.68	1.5	1.59	1.58	1.47	1.75	1.68	1.63
1.71	1.47	1.7	1.52	1.56	1.64	1.51	1.95	1.66	1.7	1.78	1.45	1.68	1.5	1.59	1.58	1.47	1.75	1.68	1.63
1.71	1.47	1.7	1.52	1.56	1.64	1.5	1.95	1.66	1.7	1.78	1.45	1.68	1.5	1.59	1.58	1.47	1.75	1.68	1.63
1.71	1.47	1.7	1.52	1.56	1.64	1.5	1.95	1.66	1.7	1.78	1.45	1.68	1.5	1.59	1.58	1.47	1.75	1.68	1.63
1.71	1.47	1.7	1.52	1.56	1.64	1.51	1.95	1.66	1.7	1.78	1.45	1.68	1.5	1.59	1.58	1.47	1.75	1.68	1.63
1.71	1.47	1.7	1.52	1.56	1.64	1.51	1.95	1.66	1.7	1.78	1.45	1.68	1.5	1.59	1.58	1.47	1.75	1.68	1.63
1.71	1.47	1.7	1.51	1.56	1.64	1.51	1.94	1.66	1.7	1.78	1.45	1.68	1.5	1.59	1.58	1.47	1.75	1.68	1.63
1.71	1.47	1.7	1.51	1.56	1.63	1.51	1.94	1.66	1.7	1.78	1.44	1.67	1.5	1.59	1.58	1.47	1.75	1.68	1.63
1.71	1.47	1.7	1.51	1.56	1.63	1.51	1.94	1.66	1.7	1.78	1.44	1.67	1.5	1.59	1.58	1.47	1.75	1.68	1.63
1.71	1.47	1.7	1.51	1.56	1.63	1.51	1.94	1.66	1.7	1.78	1.44	1.67	1.5	1.59	1.58	1.45	1.75	1.68	1.63
1.71	1.47	1.7	1.51	1.56	1.63	1.51	1.94	1.66	1.7	1.78	1.44	1.67	1.5	1.59	1.58	1.45	1.75	1.68	1.63
1.71	1.47	1.7	1.5	1.56	1.63	1.51	1.94	1.66	1.7	1.78	1.44	1.67	1.5	1.59	1.58	1.45	1.75	1.68	1.63
1.71	1.47	1.7	1.5	1.56	1.63	1.51	1.94	1.66	1.69	1.78	1.44	1.67	1.5	1.59	1.58	1.45	1.75	1.68	1.63
1.71	1.47	1.7	1.5	1.56	1.63	1.51	1.94	1.66	1.69	1.78	1.44	1.67	1.48	1.59	1.58	1.45	1.75	1.68	1.63
1.71	1.47	1.7	1.5	1.56	1.63	1.51	1.94	1.66	1.69	1.78	1.44	1.67	1.48	1.56	1.58	1.45	1.75	1.68	1.63
1.71	1.47	1.7	1.5	1.56	1.63	1.51	1.94	1.66	1.69	1.78	1.44	1.67	1.48	1.53	1.58	1.45	1.75	1.68	1.63
1.71	1.47	1.7	1.5	1.56	1.63	1.51	1.93	1.66	1.69	1.78	1.44	1.67	1.48	1.53	1.58	1.45	1.75	1.68	1.63
1.71	1.47	1.7	1.5	1.55	1.63	1.51	1.93	1.66	1.69	1.78	1.44	1.67	1.48	1.53	1.58	1.46	1.75	1.68	1.63
1.71	1.47	1.7	1.5	1.55	1.63	1.51	1.92	1.66	1.68	1.78	1.44	1.67	1.48	1.53	1.58	1.46	1.75	1.68	1.63
1.71	1.47	1.7	1.5	1.56	1.63	1.51	1.92	1.66	1.68	1.76	1.44	1.67	1.48	1.53	1.58	1.46	1.75	1.68	1.63
1.71	1.47	1.7	1.5	1.56	1.63	1.51	1.91	1.66	1.68	1.73	1.44	1.67	1.48	1.53	1.58	1.46	1.75	1.68	1.63
1.71	1.47	1.7	1.5	1.56	1.63	1.51	1.91	1.66	1.68	1.71	1.44	1.67	1.48	1.53	1.58	1.46	1.75	1.68	1.63
1.71	1.47	1.7	1.5	1.56	1.62	1.51	1.91	1.66	1.68	1.71	1.44	1.67	1.48	1.53	1.58	1.46	1.75	1.68	1.63
1.71	1.47	1.71	1.5	1.56	1.62	1.51	1.91	1.66	1.68	1.71	1.44	1.67	1.48	1.53	1.58	1.46	1.75	1.68	1.63
1.71	1.46	1.71	1.5	1.56	1.62	1.51	1.91	1.66	1.68	1.71	1.44	1.67	1.48	1.53	1.58	1.46	1.75	1.68	1.63
1.71	1.46	1.71	1.5	1.56	1.62	1.51	1.91	1.66	1.68	1.71	1.44	1.67	1.47	1.53	1.58	1.46	1.75	1.68	1.63
1.71	1.46	1.71	1.5	1.56	1.62	1.51	1.91	1.66	1.68	1.71	1.44	1.67	1.47	1.62	1.58	1.46	1.75	1.68	1.63
1.71	1.46	1.71	1.5	1.56	1.62	1.51	1.91	1.66	1.67	1.71	1.44	1.67	1.47	1.62	1.58	1.46	1.75	1.68	1.63
1.72	1.46	1.71	1.5	1.56	1.62	1.51	1.92	1.66	1.67	1.71	1.44	1.67	1.47	1.62	1.58	1.46	1.75	1.68	1.63
1.72	1.46	1.71	1.49	1.56	1.61	1.51	1.92	1.66	1.67	1.71	1.44	1.67	1.47	1.62	1.58	1.46	1.75	1.68	1.63
1.72	1.46	1.71	1.49	1.56	1.61	1.51	1.91	1.66	1.67	1.71	1.44	1.67	1.47	1.62	1.58	1.46	1.75	1.68	1.63
1.72	1.46	1.71	1.49	1.56	1.61	1.5	1.91	1.66	1.66	1.71	1.44	1.67	1.47	1.62	1.58	1.46	1.75	1.68	1.63
1.72	1.46	1.71	1.49	1.56	1.61	1.5	1.91	1.66	1.66	1.71	1.44	1.67	1.47	1.62	1.58	1.46	1.75	1.68	1.63
1.72	1.46	1.71	1.49	1.56	1.61	1.5	1.91	1.66	1.66	1.71	1.44	1.67	1.47	1.62	1.58	1.46	1.75	1.68	1.63
1.72	1.46	1.71	1.49	1.56	1.61	1.5	1.91	1.66	1.66	1.71	1.44	1.67	1.47	1.62	1.58	1.46	1.75	1.68	1.63
1.72	1.46	1.71	1.49	1.56	1.61	1.5	1.9	1.66	1.66	1.71	1.44	1.67	1.47	1.62	1.58	1.46	1.75	1.68	1.63
1.72	1.46	1.71	1.48	1.56	1.61	1.5	1.9	1.66	1.65	1.71	1.44	1.67	1.47	1.62	1.58	1.46	1.75	1.68	1.63
1.72	1.46	1.71	1.48	1.56	1.61	1.5	1.9	1.66	1.65	1.71	1.44	1.67	1.47	1.62	1.58	1.46	1.75	1.68	1.63
1.72	1.46	1.71	1.48	1.56	1.61	1.5	1.9	1.66	1.65	1.71	1.44	1.67	1.47	1.62	1.58	1.46	1.75	1.68	1.63
1.72	1.46	1.71	1.48	1.56	1.61	1.5	1.9	1.66	1.65	1.71	1.44	1.67	1.47	1.62	1.58	1.46	1.75	1.68	1.63
1.72	1.46	1.71	1.48	1.56	1.61	1.5	1.9	1.66	1.65	1.71	1.44	1.67	1.47	1.62	1.58	1.46	1.75	1.68	1.63
1.72	1.45	1.71	1.48	1.56	1.6	1.5	1.89	1.66	1.65	1.71	1.44	1.67	1.47	1.59	1.58	1.46	1.75	1.68	1.63
1.72	1.45	1.71	1.48	1.56	1.6	1.5	1.89	1.66	1.65	1.71	1.44	1.67	1.47	1.56	1.58	1.46	1.75	1.68	1.63
1.72	1.45	1.71	1.48	1.56	1.6	1.5	1.89	1.66	1.64	1.71	1.44	1.67	1.47	1.53	1.58	1.46	1.75	1.68	1.63
1.72	1.45	1.71	1.48	1.56	1.6	1.49	1.88	1.66	1.64	1.71	1.44	1.67	1.47	1.53	1.58	1.46	1.75	1.68	1.63
1.72	1.45	1.71	1.47	1.56	1.6	1.49	1.88	1.66	1.64	1.71	1.44	1.67	1.47	1.54	1.58	1.46	1.75	1.68	1.63
1.72	1.45	1.71	1.47	1.56	1.6	1.49	1.88	1.66	1.64	1.71	1.44	1.67	1.47	1.54	1.58	1.46	1.75	1.68	1.63
1.72	1.45	1.71	1.47	1.56	1.6	1.49	1.88	1.66	1.64	1.71	1.44	1.67	1.47	1.54	1.58	1.46	1.75	1.68	1.63
1.72	1.45	1.71	1.47	1.56	1.6	1.49	1.87	1.66	1.63	1.71	1.44	1.67	1.47	1.54	1.58	1.46	1.75	1.68	1.63
1.72	1.45	1.71	1.47	1.56	1.6	1.49	1.87	1.66	1.63	1.71	1.44	1.67	1.47	1.54	1.58	1.46	1.75	1.68	1.63
1.72	1.45	1.71	1.47	1.56	1.6	1.49	1.87	1.66	1.63	1.71	1.44	1.67	1.47	1.54	1.58	1.46	1.75	1.68	1.63
1.72	1.45	1.71	1.47	1.56	1.6	1.49	1.86	1.66	1.63	1.71	1.44	1.67	1.47	1.54	1.58	1.46	1.75	1.68	1.63
1.73	1.45	1.71	1.47	1.56	1.6	1.49	1.86	1.66	1.63	1.71	1.44	1.67	1.47	1.54	1.58	1.46	1.75	1.68	1.63
1.73	1.45	1.72	1.47	1.57	1.6	1.49	1.86	1.66	1.63	1.71	1.44	1.67	1.47	1.54	1.58	1.46	1.75	1.68	1.63
1.73	1.45	1.72	1.47	1.57	1.6	1.49	1.86	1.66	1.63	1.71	1.44	1.67	1.47	1.54	1.58	1.46	1.75	1.68	1.63
1.73	1.45	1.72	1.47	1.57	1.6	1.49	1.86	1.66	1.63	1.71	1.44	1.67	1.47	1.55	1.58	1.46	1.75	1.68	1.63
1.73	1.45	1.72	1.47	1.57	1.6	1.49	1.86	1.66	1.65	1.71	1.44	1.67	1.47	1.55	1.58	1.46	1.75	1.68	1.63
1.73	1.44	1.72	1.47	1.57	1.6	1.49	1.86	1.66	1.65	1.71	1.44	1.67	1.47	1.54	1.58	1.46	1.75	1.68	1.63
1.73	1.44	1.72	1.47	1.57	1.59	1.49	1.85	1.66	1.65	1.71	1.44	1.67	1.47	1.54	1.58	1.46	1.75	1.68	1.63
1.73	1.44	1.72	1.47	1.57	1.59	1.49	1.85	1.66	1.65	1.71	1.44	1.67	1.47	1.54	1.58	1.46	1.75	1.68	1.63
1.73	1.44	1.72	1.47	1.57	1.59	1.48	1.85	1.66	1.65	1.71	1.44	1.67	1.47	1.52	1.58	1.46	1.75	1.68	1.63
1.73	1.44	1.72	1.47	1.57	1.59	1.48	1.85	1.66	1.65	1.71	1.44	1.67	1.47	1.52	1.58	1.46	1.75	1.68	1.63
1.73	1.44	1.72	1.47	1.57	1.59	1.48	1.85	1.66	1.65	1.71	1.44	1.67	1.47	1.52	1.58	1.46	1.75	1.68	1.63
1.73	1.44	1.72	1.47	1.57	1.59	1.48	1.84	1.66	1.65	1.71	1.44	1.67	1.47	1.52	1.58	1.46	1.75	1.68	1.63
1.73	1.44	1.72	1.47	1.57	1.59	1.48	1.84	1.66	1.65	1.71	1.44	1.67	1.47	1.52	1.58	1.46	1.75	1.68	1.63
1.73	1.44	1.72	1.47	1.57	1.59	1.48	1.84	1.66	1.65	1.71	1.44	1.67	1.47	1.52	1.58	1.46	1.75	1.68	1.63
1.73	1.44	1.72	1.47	1.57	1.59	1.48	1.84	1.66	1.65	1.71	1.44	1.67	1.47	1.52	1.58	1.46	1.75	1.68	1.63
1.73	1.44	1.72	1.47	1.57	1.59	1.48	1.84	1.66	1.65	1.71	1.44	1.67	1.47	1.52	1.58	1.46	1.75	1.68	1.63
1.73	1.44	1.72	1.47	1.57	1.59	1.48	1.84	1.66	1.65	1.71	1.44	1.67	1.47	1.51	1.58	1.46	1.75	1.68	1.63
1.73	1.44	1.71	1.47	1.57	1.59	1.48	1.84	1.66	1.65	1.69	1.44	1.67	1.47	1.51	1.57	1.46	1.75	1.68	1.63
1.73	1.44	1.71	1.47	1.57	1.58	1.48	1.84	1.66	1.64	1.69	1.44	1.67	1.47	1.51	1.57	1.46	1.75	1.68	1.63
1.73	1.44	1.71	1.47	1.57	1.58	1.48	1.84	1.66	1.64	1.69	1.44	1.67	1.47	1.51	1.57	1.46	1.75	1.68	1.63
1.73	1.44	1.71	1.47	1.57	1.58	1.48	1.84	1.66	1.64	1.74	1.44	1.67	1.47	1.51	1.57	1.46	1.75	1.68	1.63
1.73	1.44	1.71	1.47	1.57	1.58	1.48	1.84	1.66	1.64	1.74	1.44	1.67	1.47	1.51	1.57	1.46	1.75	1.66	1.63
1.73	1.44	1.71	1.47	1.57	1.58	1.48	1.84	1.66	1.64	1.74	1.44	1.67	1.47	1.51	1.57	1.46	1.75	1.66	1.63
1.73	1.44	1.71	1.47	1.57	1.58	1.48	1.83	1.66	1.64	1.72	1.44	1.67	1.47	1.51	1.57	1.46	1.75	1.66	1.63
1.73	1.44	1.71	1.47	1.57	1.58	1.48	1.83	1.66	1.64	1.72	1.44	1.67	1.47	1.51	1.57	1.46	1.75	1.66	1.62
1.73	1.44	1.71	1.47	1.58	1.58	1.47	1.83	1.66	1.64	1.72	1.44	1.67	1.47	1.51	1.57	1.46	1.75	1.66	1.62
1.73	1.44	1.71	1.47	1.58	1.58	1.47	1.83	1.66	1.63	1.72	1.44	1.67	1.47	1.51	1.57	1.46	1.75	1.66	1.62
1.73	1.44	1.71	1.47	1.58	1.58	1.47	1.82	1.67	1.63	1.72	1.44	1.67	1.47	1.51	1.57	1.46	1.75	1.66	1.62
1.73	1.44	1.71	1.47	1.58	1.58	1.47	1.82	1.67	1.63	1.72	1.44	1.67	1.47	1.51	1.57	1.46	1.75	1.64	1.62
1.73	1.44	1.71	1.47	1.58	1.58	1.47	1.82	1.67	1.63	1.72	1.44	1.67	1.47	1.51	1.57	1.46	1.75	1.64	1.62
1.73	1.44	1.7	1.47	1.58	1.58	1.47	1.82	1.67	1.63	1.72	1.44	1.67	1.47	1.51	1.57	1.46	1.75	1.64	1.62
1.73	1.44	1.7	1.47	1.58	1.58	1.47	1.82	1.67	1.63	1.72	1.44	1.67	1.47	1.51	1.57	1.46	1.75	1.61	1.62
1.73	1.44	1.7	1.47	1.58	1.58	1.47	1.82	1.67	1.63	1.72	1.44	1.67	1.47	1.51	1.57	1.46	1.75	1.61	1.62
1.73	1.44	1.7	1.47	1.58	1.57	1.47	1.81	1.67	1.62	1.72	1.44	1.67	1.47	1.51	1.57	1.46	1.75	1.62	1.62
1.73	1.44	1.7	1.47	1.58	1.57	1.47	1.81	1.67	1.62	1.72	1.44	1.67	1.47	1.51	1.57	1.46	1.75	1.62	1.62
1.73	1.44	1.69	1.47	1.58	1.57	1.47	1.81	1.67	1.62	1.72	1.44	1.67	1.47	1.51	1.57	1.46	1.75	1.62	1.62
1.73	1.44	1.69	1.47	1.58	1.57	1.47	1.81	1.67	1.62	1.72	1.44	1.67	1.47	1.51	1.57	1.46	1.75	1.62	1.62
1.73	1.44	1.69	1.47	1.58	1.57	1.47	1.81	1.67	1.62	1.72	1.44	1.67	1.47	1.51	1.57	1.46	1.75	1.6	1.62
1.73	1.44	1.69	1.47	1.58	1.57	1.47	1.81	1.67	1.62	1.71	1.44	1.67	1.47	1.51	1.57	1.46	1.75	1.6	1.62
1.73	1.44	1.69	1.48	1.58	1.57	1.46	1.81	1.67	1.62	1.71	1.44	1.67	1.47	1.51	1.57	1.46	1.75	1.6	1.62
1.73	1.44	1.69	1.48	1.58	1.57	1.46	1.81	1.67	1.62	1.71	1.44	1.67	1.47	1.51	1.57	1.46	1.75	1.6	1.62
1.73	1.44	1.69	1.48	1.58	1.57	1.46	1.81	1.67	1.62	1.71	1.44	1.67	1.47	1.51	1.57	1.46	1.75	1.58	1.62
1.73	1.44	1.68	1.48	1.58	1.57	1.46	1.81	1.67	1.62	1.71	1.44	1.67	1.5	1.52	1.57	1.46	1.75	1.58	1.62
1.73	1.44	1.68	1.48	1.58	1.57	1.46	1.81	1.67	1.62	1.71	1.44	1.67	1.5	1.52	1.57	1.46	1.75	1.58	1.62
1.73	1.44	1.68	1.48	1.58	1.57	1.46	1.81	1.67	1.62	1.7	1.44	1.67	1.5	1.52	1.57	1.46	1.75	1.58	1.62
1.73	1.44	1.68	1.48	1.58	1.57	1.46	1.8	1.67	1.62	1.7	1.44	1.67	1.5	1.52	1.57	1.46	1.75	1.58	1.62
1.73	1.44	1.67	1.48	1.58	1.57	1.46	1.8	1.67	1.62	1.7	1.44	1.67	1.5	1.52	1.57	1.46	1.75	1.58	1.62
1.73	1.44	1.67	1.48	1.58	1.57	1.46	1.8	1.67	1.62	1.7	1.44	1.67	1.5	1.52	1.57	1.46	1.75	1.58	1.62
1.73	1.44	1.67	1.48	1.58	1.57	1.46	1.8	1.67	1.62	1.7	1.44	1.67	1.5	1.52	1.57	1.46	1.75	1.58	1.62
1.73	1.44	1.67	1.48	1.58	1.57	1.46	1.79	1.67	1.62	1.7	1.44	1.67	1.5	1.52	1.57	1.46	1.75	1.58	1.62
1.73	1.44	1.67	1.48	1.58	1.57	1.46	1.79	1.67	1.62	1.7	1.44	1.67	1.5	1.52	1.57	1.46	1.75	1.58	1.62
1.72	1.44	1.67	1.48	1.58	1.57	1.46	1.79	1.67	1.62	1.7	1.44	1.67	1.5	1.52	1.57	1.46	1.75	1.58	1.62
1.72	1.44	1.67	1.48	1.58	1.57	1.46	1.79	1.67	1.62	1.7	1.44	1.67	1.5	1.52	1.57	1.46	1.75	1.58	1.62
1.72	1.44	1.67	1.48	1.58	1.57	1.46	1.78	1.67	1.62	1.7	1.44	1.67	1.5	1.52	1.57	1.46	1.75	1.56	1.59
1.72	1.44	1.67	1.48	1.58	1.57	1.46	1.78	1.67	1.62	1.7	1.44	1.67	1.5	1.52	1.57	1.46	1.75	1.56	1.7
1.72	1.44	1.67	1.48	1.58	1.57	1.46	1.78	1.67	1.62	1.7	1.44	1.67	1.5	1.52	1.57	1.46	1.75	1.56	1.7
1.72	1.44	1.67	1.48	1.58	1.57	1.46	1.78	1.67	1.62	1.7	1.44	1.67	1.5	1.52	1.57	1.46	1.75	1.56	1.7
1.72	1.44	1.67	1.48	1.58	1.57	1.46	1.78	1.67	1.62	1.7	1.44	1.67	1.5	1.52	1.57	1.46	1.75	1.56	1.7
1.72	1.44	1.67	1.48	1.58	1.57	1.46	1.77	1.67	1.62	1.7	1.44	1.67	1.5	1.52	1.57	1.46	1.75	1.56	1.7
1.71	1.44	1.67	1.48	1.58	1.57	1.46	1.77	1.67	1.62	1.7	1.44	1.67	1.5	1.52	1.57	1.46	1.75	1.56	1.7
1.71	1.44	1.67	1.48	1.58	1.57	1.46	1.77	1.67	1.62	1.7	1.44	1.67	1.5	1.52	1.57	1.46	1.75	1.56	1.67
1.71	1.44	1.67	1.48	1.58	1.57	1.46	1.77	1.67	1.62	1.7	1.44	1.67	1.5	1.52	1.57	1.46	1.75	1.57	1.67
1.71	1.44	1.67	1.48	1.58	1.57	1.46	1.77	1.67	1.62	1.7	1.44	1.67	1.5	1.53	1.57	1.46	1.75	1.57	1.67
1.71	1.44	1.67	1.48	1.58	1.57	1.46	1.77	1.67	1.62	1.7	1.44	1.67	1.5	1.53	1.57	1.46	1.75	1.57	1.67
1.7	1.44	1.67	1.48	1.58	1.57	1.46	1.77	1.67	1.62	1.7	1.44	1.67	1.5	1.53	1.57	1.46	1.75	1.57	1.67
1.7	1.44	1.67	1.48	1.58	1.57	1.46	1.77	1.67	1.62	1.7	1.44	1.67	1.5	1.53	1.57	1.46	1.75	1.57	1.67
1.7	1.44	1.67	1.48	1.59	1.57	1.46	1.77	1.68	1.62	1.7	1.44	1.67	1.5	1.53	1.56	1.46	1.75	1.57	1.67
1.7	1.44	1.67	1.48	1.59	1.57	1.46	1.77	1.68	1.62	1.7	1.44	1.67	1.5	1.53	1.56	1.46	1.75	1.57	1.67
1.7	1.44	1.67	1.48	1.59	1.57	1.46	1.77	1.68	1.62	1.7	1.44	1.67	1.5	1.53	1.56	1.46	1.75	1.57	1.67
1.7	1.44	1.67	1.48	1.59	1.57	1.46	1.77	1.67	1.62	1.7	1.44	1.67	1.5	1.52	1.56	1.46	1.75	1.57	1.67
1.7	1.44	1.67	1.48	1.59	1.57	1.46	1.77	1.67	1.62	1.7	1.44	1.67	1.5	1.52	1.56	1.46	1.75	1.57	1.67
1.7	1.44	1.67	1.48	1.59	1.57	1.46	1.76	1.67	1.62	1.7	1.44	1.67	1.5	1.52	1.56	1.46	1.75	1.57	1.67
1.7	1.44	1.67	1.48	1.59	1.57	1.46	1.76	1.67	1.62	1.7	1.44	1.67	1.5	1.53	1.56	1.46	1.75	1.57	1.67
1.7	1.44	1.67	1.48	1.59	1.57	1.46	1.76	1.67	1.62	1.7	1.44	1.67	1.5	1.53	1.56	1.46	1.75	1.57	1.67
1.71	1.44	1.67	1.48	1.59	1.57	1.46	1.76	1.67	1.62	1.7	1.44	1.67	1.5	1.53	1.56	1.46	1.75	1.57	1.67
1.71	1.44	1.67	1.48	1.59	1.57	1.46	1.76	1.67	1.62	1.73	1.44	1.67	1.5	1.53	1.56	1.46	1.75	1.56	1.67
1.71	1.44	1.67	1.48	1.59	1.57	1.46	1.76	1.67	1.62	1.73	1.44	1.67	1.5	1.53	1.56	1.46	1.75	1.56	1.67
1.71	1.44	1.67	1.48	1.59	1.57	1.46	1.76	1.67	1.62	1.73	1.44	1.67	1.5	1.53	1.56	1.46	1.75	1.56	1.67
1.71	1.44	1.67	1.48	1.59	1.57	1.46	1.76	1.67	1.62	1.73	1.44	1.67	1.5	1.53	1.56	1.46	1.75	1.56	1.67
1.71	1.44	1.67	1.48	1.59	1.57	1.46	1.76	1.67	1.62	1.73	1.44	1.67	1.5	1.53	1.56	1.46	1.75	1.56	1.67
1.71	1.44	1.67	1.48	1.59	1.56	1.46	1.76	1.67	1.62	1.73	1.44	1.67	1.5	1.53	1.56	1.46	1.75	1.56	1.67
1.71	1.44	1.67	1.48	1.59	1.56	1.46	1.76	1.67	1.62	1.73	1.44	1.67	1.5	1.53	1.56	1.46	1.75	1.56	1.67
1.71	1.44	1.67	1.48	1.59	1.56	1.46	1.76	1.66	1.62	1.73	1.44	1.67	1.5	1.53	1.56	1.46	1.75	1.56	1.67
1.71	1.44	1.67	1.48	1.59	1.56	1.46	1.76	1.66	1.62	1.73	1.44	1.67	1.5	1.53	1.56	1.46	1.75	1.56	1.67
1.71	1.44	1.67	1.48	1.59	1.56	1.46	1.75	1.66	1.62	1.73	1.44	1.67	1.5	1.53	1.56	1.46	1.75	1.56	1.67
1.71	1.44	1.67	1.48	1.59	1.56	1.46	1.75	1.66	1.62	1.73	1.44	1.67	1.5	1.53	1.56	1.54	1.75	1.56	1.67
1.71	1.44	1.67	1.48	1.59	1.56	1.46	1.75	1.66	1.62	1.73	1.44	1.67	1.5	1.53	1.56	1.54	1.75	1.56	1.67
1.71	1.44	1.67	1.48	1.59	1.56	1.46	1.75	1.66	1.62	1.73	1.44	1.67	1.5	1.53	1.56	1.54	1.75	1.56	1.67
1.71	1.44	1.67	1.48	1.59	1.56	1.46	1.75	1.65	1.62	1.73	1.44	1.67	1.5	1.53	1.56	1.54	1.75	1.56	1.67
1.71	1.44	1.67	1.48	1.59	1.55	1.46	1.75	1.65	1.62	1.73	1.44	1.67	1.5	1.53	1.56	1.54	1.75	1.56	1.67
1.71	1.44	1.67	1.48	1.59	1.55	1.46	1.75	1.65	1.62	1.73	1.44	1.67	1.5	1.53	1.56	1.54	1.75	1.56	1.67
1.71	1.44	1.67	1.48	1.59	1.55	1.46	1.74	1.65	1.62	1.73	1.44	1.67	1.5	1.53	1.56	1.54	1.75	1.56	1.67
1.71	1.44	1.67	1.48	1.59	1.55	1.46	1.74	1.65	1.62	1.73	1.44	1.67	1.5	1.53	1.56	1.54	1.75	1.56	1.67
1.71	1.44	1.67	1.48	1.59	1.55	1.46	1.74	1.65	1.62	1.73	1.44	1.67	1.5	1.53	1.56	1.54	1.75	1.56	1.67
1.71	1.44	1.67	1.48	1.59	1.55	1.46	1.74	1.65	1.62	1.73	1.44	1.67	1.48	1.53	1.56	1.54	1.75	1.56	1.67
1.71	1.44	1.67	1.48	1.59	1.55	1.46	1.74	1.65	1.62	1.73	1.44	1.67	1.48	1.53	1.56	1.54	1.75	1.56	1.67
1.71	1.44	1.67	1.52	1.59	1.55	1.46	1.74	1.65	1.62	1.73	1.44	1.67	1.48	1.52	1.56	1.54	1.75	1.56	1.67
1.71	1.44	1.67	1.52	1.59	1.55	1.46	1.74	1.65	1.62	1.73	1.44	1.67	1.48	1.52	1.56	1.54	1.75	1.56	1.67
1.71	1.44	1.67	1.52	1.59	1.55	1.46	1.74	1.64	1.62	1.73	1.44	1.67	1.48	1.52	1.56	1.54	1.75	1.56	1.67
1.7	1.44	1.67	1.52	1.59	1.55	1.46	1.74	1.64	1.62	1.73	1.44	1.67	1.48	1.52	1.56	1.54	1.75	1.56	1.67
1.7	1.44	1.67	1.52	1.59	1.55	1.46	1.74	1.64	1.62	1.73	1.44	1.67	1.48	1.52	1.56	1.54	1.75	1.56	1.67
1.7	1.44	1.67	1.52	1.59	1.55	1.46	1.74	1.64	1.62	1.73	1.44	1.67	1.48	1.52	1.56	1.54	1.75	1.56	1.67
1.7	1.44	1.67	1.52	1.59	1.55	1.46	1.74	1.64	1.62	1.73	1.44	1.67	1.48	1.5	1.56	1.54	1.75	1.56	1.67
1.7	1.44	1.67	1.52	1.59	1.55	1.46	1.74	1.63	1.62	1.73	1.44	1.67	1.48	1.51	1.56	1.54	1.75	1.56	1.67
1.7	1.44	1.67	1.52	1.59	1.55	1.46	1.74	1.63	1.62	1.73	1.44	1.67	1.48	1.51	1.56	1.54	1.75	1.56	1.67
1.7	1.44	1.67	1.52	1.59	1.55	1.46	1.74	1.63	1.62	1.73	1.44	1.67	1.48	1.51	1.56	1.54	1.75	1.56	1.67
1.7	1.44	1.67	1.52	1.6	1.55	1.46	1.74	1.63	1.62	1.73	1.44	1.67	1.48	1.51	1.56	1.54	1.75	1.56	1.67
1.7	1.44	1.67	1.52	1.6	1.55	1.46	1.74	1.63	1.62	1.73	1.44	1.67	1.48	1.51	1.56	1.54	1.75	1.56	1.67
1.7	1.44	1.67	1.52	1.6	1.55	1.46	1.74	1.63	1.62	1.73	1.44	1.67	1.48	1.51	1.56	1.54	1.75	1.56	1.67
1.7	1.44	1.67	1.52	1.59	1.55	1.46	1.74	1.63	1.62	1.73	1.44	1.67	1.48	1.51	1.56	1.54	1.75	1.56	1.67
1.7	1.44	1.67	1.52	1.59	1.55	1.46	1.74	1.63	1.62	1.73	1.44	1.67	1.46	1.51	1.56	1.54	1.75	1.56	1.67
1.7	1.44	1.67	1.55	1.59	1.55	1.46	1.74	1.63	1.62	1.73	1.44	1.67	1.46	1.51	1.56	1.54	1.75	1.56	1.67
1.7	1.44	1.67	1.58	1.59	1.55	1.46	1.74	1.63	1.62	1.71	1.44	1.67	1.46	1.51	1.56	1.54	1.75	1.56	1.67
1.7	1.44	1.67	1.58	1.6	1.55	1.46	1.74	1.62	1.62	1.71	1.44	1.67	1.46	1.51	1.56	1.54	1.75	1.56	1.67
1.7	1.44	1.67	1.58	1.6	1.55	1.46	1.74	1.62	1.62	1.69	1.44	1.66	1.46	1.51	1.56	1.54	1.75	1.56	1.67
1.7	1.44	1.67	1.6	1.6	1.55	1.46	1.74	1.62	1.62	1.69	1.44	1.66	1.46	1.52	1.56	1.54	1.75	1.56	1.67
1.7	1.44	1.67	1.63	1.6	1.55	1.46	1.74	1.62	1.62	1.69	1.44	1.66	1.46	1.52	1.56	1.54	1.75	1.56	1.67
1.7	1.44	1.67	1.64	1.6	1.55	1.46	1.74	1.62	1.62	1.69	1.44	1.64	1.46	1.52	1.56	1.54	1.75	1.56	1.67
1.73	1.44	1.67	1.64	1.6	1.55	1.46	1.74	1.61	1.62	1.69	1.44	1.64	1.46	1.52	1.56	1.54	1.75	1.56	1.67
1.73	1.44	1.67	1.66	1.6	1.55	1.46	1.74	1.61	1.62	1.69	1.44	1.64	1.46	1.52	1.56	1.54	1.75	1.56	1.67
1.73	1.44	1.67	1.66	1.6	1.55	1.46	1.74	1.61	1.62	1.69	1.44	1.64	1.46	1.52	1.56	1.54	1.75	1.56	1.67
1.73	1.44	1.67	1.66	1.6	1.55	1.46	1.74	1.61	1.62	1.68	1.44	1.65	1.45	1.52	1.56	1.54	1.75	1.56	1.67
1.73	1.44	1.67	1.68	1.6	1.55	1.46	1.74	1.61	1.62	1.71	1.44	1.65	1.45	1.52	1.56	1.54	1.75	1.56	1.67
1.73	1.44	1.7	1.71	1.6	1.55	1.46	1.74	1.61	1.62	1.71	1.44	1.65	1.45	1.52	1.56	1.54	1.75	1.56	1.67
1.73	1.44	1.7	1.71	1.6	1.55	1.46	1.74	1.61	1.62	1.71	1.44	1.64	1.45	1.52	1.56	1.54	1.75	1.56	1.67
1.73	1.44	1.7	1.71	1.64	1.55	1.46	1.74	1.61	1.62	1.71	1.44	1.7	1.45	1.52	1.56	1.54	1.75	1.56	1.67
1.73	1.44	1.7	1.71	1.64	1.55	1.46	1.74	1.61	1.62	1.71	1.44	1.72	1.45	1.52	1.56	1.54	1.75	1.56	1.67
1.73	1.44	1.7	1.71	1.64	1.55	1.46	1.74	1.61	1.62	1.75	1.44	1.72	1.49	1.52	1.56	1.54	1.75	1.56	1.67
1.73	1.44	1.7	1.74	1.64	1.55	1.46	1.74	1.61	1.62	1.75	1.44	1.72	1.49	1.52	1.56	1.54	1.75	1.56	1.67
1.73	1.44	1.7	1.74	1.64	1.56	1.46	1.74	1.61	1.62	1.75	1.44	1.72	1.49	1.52	1.56	1.54	1.75	1.56	1.67
1.73	1.44	1.7	1.74	1.65	1.56	1.46	1.74	1.61	1.62	1.75	1.44	1.72	1.49	1.52	1.56	1.54	1.75	1.56	1.67
1.73	1.44	1.7	1.74	1.65	1.56	1.46	1.74	1.61	1.62	1.75	1.44	1.72	1.49	1.52	1.56	1.54	1.75	1.56	1.67
1.73	1.44	1.7	1.74	1.65	1.56	1.46	1.74	1.61	1.62	1.75	1.44	1.72	1.49	1.52	1.56	1.52	1.75	1.56	1.67
1.73	1.44	1.7	1.74	1.65	1.56	1.46	1.74	1.61	1.62	1.75	1.44	1.72	1.49	1.52	1.56	1.5	1.75	1.56	1.67
1.73	1.44	1.7	1.74	1.65	1.56	1.46	1.74	1.61	1.62	1.75	1.44	1.72	1.49	1.52	1.56	1.48	1.75	1.56	1.67
1.73	1.44	1.7	1.74	1.65	1.56	1.46	1.74	1.61	1.62	1.75	1.44	1.72	1.59	1.52	1.55	1.48	1.75	1.56	1.67
1.73	1.44	1.7	1.74	1.68	1.56	1.46	1.74	1.61	1.62	1.75	1.44	1.72	1.59	1.52	1.55	1.46	1.75	1.56	1.67
1.73	1.44	1.7	1.74	1.68	1.56	1.46	1.74	1.6	1.62	1.75	1.44	1.72	1.59	1.52	1.55	1.46	1.75	1.56	1.67
1.73	1.44	1.71	1.74	1.68	1.56	1.46	1.74	1.6	1.62	1.75	1.44	1.72	1.59	1.52	1.55	1.46	1.75	1.56	1.67
1.73	1.44	1.71	1.74	1.69	1.56	1.46	1.74	1.6	1.62	1.75	1.44	1.72	1.59	1.52	1.55	1.46	1.75	1.56	1.67
1.73	1.44	1.71	1.74	1.69	1.56	1.46	1.74	1.59	1.62	1.75	1.44	1.72	1.59	1.52	1.55	1.46	1.75	1.56	1.67
1.73	1.44	1.71	1.74	1.71	1.56	1.46	1.74	1.59	1.62	1.75	1.44	1.72	1.59	1.52	1.55	1.46	1.75	1.56	1.67
1.73	1.44	1.71	1.74	1.71	1.55	1.47	1.74	1.59	1.62	1.75	1.44	1.72	1.59	1.52	1.55	1.46	1.75	1.56	1.67
1.73	1.44	1.71	1.74	1.71	1.55	1.47	1.74	1.59	1.62	1.75	1.44	1.72	1.59	1.52	1.55	1.46	1.75	1.56	1.67
1.73	1.44	1.71	1.74	1.71	1.55	1.47	1.74	1.59	1.62	1.75	1.42	1.72	1.59	1.52	1.55	1.46	1.75	1.56	1.67
1.73	1.44	1.71	1.74	1.73	1.55	1.47	1.74	1.59	1.62	1.74	1.42	1.72	1.59	1.52	1.55	1.46	1.75	1.56	1.67
1.73	1.44	1.71	1.74	1.73	1.55	1.47	1.74	1.59	1.62	1.74	1.43	1.72	1.59	1.52	1.55	1.46	1.75	1.56	1.67
1.73	1.44	1.71	1.74	1.73	1.55	1.47	1.74	1.59	1.62	1.74	1.46	1.72	1.59	1.52	1.55	1.56	1.75	1.56	1.67
1.73	1.44	1.71	1.74	1.76	1.55	1.47	1.74	1.59	1.62	1.74	1.46	1.72	1.59	1.52	1.55	1.56	1.75	1.56	1.67
1.73	1.44	1.71	1.74	1.76	1.55	1.47	1.74	1.59	1.62	1.74	1.46	1.72	1.59	1.52	1.55	1.56	1.73	1.56	1.67
1.73	1.44	1.71	1.74	1.76	1.55	1.47	1.74	1.59	1.62	1.74	1.46	1.72	1.59	1.58	1.55	1.56	1.73	1.56	1.67
1.73	1.44	1.71	1.74	1.78	1.55	1.47	1.74	1.59	1.62	1.74	1.46	1.72	1.59	1.58	1.55	1.56	1.73	1.56	1.67
1.73	1.44	1.71	1.74	1.78	1.55	1.47	1.74	1.59	1.62	1.74	1.46	1.72	1.59	1.58	1.55	1.56	1.73	1.56	1.67
1.73	1.44	1.71	1.74	1.78	1.55	1.47	1.74	1.59	1.62	1.74	1.46	1.72	1.59	1.58	1.55	1.56	1.73	1.56	1.67
1.73	1.44	1.71	1.74	1.78	1.55	1.47	1.74	1.58	1.62	1.74	1.46	1.72	1.59	1.58	1.53	1.56	1.73	1.56	1.67
1.73	1.44	1.71	1.74	1.78	1.55	1.47	1.74	1.58	1.62	1.74	1.46	1.72	1.57	1.58	1.53	1.56	1.73	1.56	1.67
1.73	1.44	1.71	1.74	1.78	1.55	1.47	1.74	1.58	1.62	1.74	1.46	1.72	1.57	1.58	1.53	1.56	1.73	1.56	1.67
1.73	1.44	1.71	1.74	1.78	1.55	1.47	1.74	1.58	1.62	1.74	1.46	1.72	1.57	1.58	1.53	1.56	1.73	1.56	1.67
1.73	1.44	1.71	1.74	1.78	1.55	1.47	1.74	1.58	1.62	1.74	1.46	1.72	1.57	1.58	1.53	1.56	1.73	1.56	1.67
1.73	1.44	1.71	1.74	1.78	1.55	1.47	1.74	1.58	1.62	1.74	1.46	1.7	1.57	1.58	1.53	1.56	1.73	1.56	1.67
1.73	1.44	1.71	1.74	1.78	1.55	1.47	1.74	1.58	1.62	1.74	1.46	1.7	1.57	1.58	1.53	1.56	1.73	1.56	1.67
1.73	1.44	1.71	1.74	1.79	1.55	1.47	1.74	1.57	1.62	1.74	1.46	1.7	1.57	1.58	1.53	1.56	1.73	1.56	1.67
