1	2	2	2	2	2	2	2	2	2	2	2	2	2
1001	1.686	1.773	1.814	1.734	1.965	1.527	2.16	1.997	2.31	1.772	1.8738	1.72846312544987	2.01913687455013
2001	1.734	1.706	1.778	1.739	1.819	1.564	1.866	2.103	1.963	1.71	1.7982	1.70482689460735	1.89157310539265
3001	1.728	1.692	1.761	1.742	1.717	1.636	1.86	1.989	1.872	1.719	1.7716	1.70675246210105	1.83644753789895
4001	1.691	1.693	1.73	1.741	1.703	1.617	1.856	1.902	1.813	1.736	1.7482	1.69529145473765	1.80110854526235
5001	1.703	1.693	1.696	1.713	1.713	1.654	1.857	1.964	1.836	1.714	1.7543	1.69368415020622	1.81491584979378
6001	1.712	1.704	1.69	1.746	1.703	1.642	1.859	1.951	1.811	1.702	1.752	1.69381443997386	1.81018556002614
7001	1.716	1.697	1.68	1.728	1.705	1.642	1.83	1.91	1.797	1.701	1.7406	1.6905168115321	1.7906831884679
8001	1.711	1.711	1.668	1.726	1.7	1.634	1.841	1.867	1.808	1.673	1.7339	1.68546120399698	1.78233879600302
9001	1.7	1.699	1.691	1.715	1.705	1.64	1.811	1.852	1.766	1.692	1.7271	1.6876650143147	1.7665349856853
10001	1.683	1.718	1.681	1.726	1.706	1.64	1.796	1.853	1.743	1.685	1.7231	1.68464263338304	1.76155736661696
11001	1.706	1.713	1.67	1.707	1.72	1.654	1.786	1.849	1.729	1.665	1.7199	1.68330580910703	1.75649419089297
12001	1.707	1.707	1.668	1.714	1.701	1.644	1.781	1.834	1.722	1.662	1.714	1.6788533383915	1.7491466616085
13001	1.685	1.7	1.669	1.711	1.695	1.652	1.79	1.811	1.756	1.692	1.7161	1.68365300393291	1.74854699606709
14001	1.689	1.687	1.668	1.713	1.681	1.658	1.782	1.79	1.76	1.684	1.7112	1.68123656343697	1.74116343656303
15001	1.699	1.683	1.672	1.708	1.68	1.659	1.775	1.791	1.756	1.681	1.7104	1.68151971055855	1.73928028944146
16001	1.686	1.675	1.66	1.711	1.684	1.649	1.765	1.794	1.755	1.675	1.7054	1.67488268880346	1.73591731119654
17001	1.686	1.677	1.658	1.714	1.682	1.652	1.762	1.8	1.745	1.67	1.7046	1.67404634434674	1.73515365565326
18001	1.679	1.668	1.661	1.716	1.671	1.648	1.763	1.805	1.751	1.68	1.7042	1.67179203236514	1.73660796763486
19001	1.673	1.668	1.658	1.716	1.679	1.643	1.757	1.805	1.74	1.683	1.7022	1.67047624301358	1.73392375698642
20001	1.669	1.681	1.659	1.712	1.677	1.65	1.757	1.803	1.732	1.675	1.7015	1.67109331637799	1.73190668362201
21001	1.67	1.68	1.668	1.713	1.675	1.652	1.759	1.791	1.73	1.681	1.7019	1.67386834522663	1.72993165477337
22001	1.667	1.676	1.677	1.718	1.677	1.654	1.761	1.783	1.741	1.68	1.7034	1.67588357310018	1.73091642689982
23001	1.672	1.679	1.674	1.714	1.685	1.649	1.756	1.776	1.746	1.688	1.7039	1.67781334001193	1.72998665998807
24001	1.677	1.671	1.674	1.714	1.689	1.659	1.751	1.773	1.744	1.693	1.7045	1.68026802608123	1.72873197391877
25001	1.683	1.667	1.674	1.712	1.688	1.655	1.75	1.771	1.735	1.692	1.7027	1.67903156284557	1.72636843715443
26001	1.684	1.677	1.672	1.705	1.688	1.66	1.747	1.779	1.734	1.685	1.7031	1.67947777585032	1.72672222414968
27001	1.685	1.676	1.673	1.701	1.684	1.656	1.748	1.782	1.738	1.682	1.7025	1.67765915317242	1.72734084682758
28001	1.678	1.675	1.679	1.699	1.692	1.667	1.745	1.781	1.734	1.671	1.7021	1.67832468024751	1.72587531975249
29001	1.683	1.672	1.675	1.699	1.69	1.662	1.746	1.781	1.736	1.669	1.7013	1.67671512656576	1.72588487343424
30001	1.685	1.674	1.675	1.701	1.69	1.656	1.744	1.775	1.731	1.667	1.6998	1.67608696988292	1.72351303011708
31001	1.683	1.68	1.673	1.701	1.696	1.65	1.739	1.771	1.724	1.666	1.6983	1.67547995419228	1.72112004580773
32001	1.686	1.68	1.667	1.702	1.698	1.648	1.733	1.769	1.727	1.666	1.6976	1.67489781825463	1.72030218174537
33001	1.693	1.685	1.669	1.7	1.691	1.648	1.736	1.77	1.722	1.663	1.6977	1.6750526921492	1.7203473078508
34001	1.697	1.68	1.669	1.699	1.688	1.646	1.733	1.769	1.715	1.661	1.6957	1.67321726307685	1.71818273692315
35001	1.7	1.68	1.668	1.701	1.685	1.647	1.741	1.764	1.717	1.662	1.6965	1.67401308667	1.71898691333
36001	1.701	1.677	1.668	1.698	1.689	1.65	1.743	1.763	1.712	1.663	1.6964	1.67435989901213	1.71844010098787
37001	1.701	1.677	1.664	1.7	1.692	1.647	1.742	1.759	1.711	1.664	1.6957	1.67385862596915	1.71754137403085
38001	1.702	1.678	1.663	1.7	1.689	1.652	1.745	1.751	1.705	1.663	1.6948	1.67410716856279	1.71549283143721
39001	1.703	1.678	1.663	1.698	1.688	1.655	1.745	1.747	1.711	1.666	1.6954	1.67543919645349	1.71536080354651
40001	1.706	1.674	1.665	1.7	1.688	1.656	1.745	1.742	1.71	1.668	1.6954	1.67610906792183	1.71469093207817
41001	1.703	1.671	1.664	1.703	1.684	1.655	1.748	1.744	1.708	1.673	1.6953	1.67543168324526	1.71516831675474
42001	1.705	1.671	1.66	1.695	1.684	1.656	1.743	1.747	1.7	1.681	1.6942	1.67485691942264	1.71354308057736
43001	1.707	1.671	1.658	1.694	1.68	1.655	1.74	1.745	1.699	1.68	1.6929	1.67369944588763	1.71210055411237
44001	1.708	1.671	1.657	1.696	1.68	1.657	1.737	1.745	1.701	1.676	1.6928	1.67378407142537	1.71181592857463
45001	1.706	1.671	1.661	1.694	1.68	1.659	1.734	1.746	1.698	1.676	1.6925	1.67424813032408	1.71075186967592
46001	1.709	1.667	1.663	1.691	1.678	1.658	1.735	1.749	1.698	1.675	1.6923	1.67321852784622	1.71138147215378
47001	1.706	1.668	1.668	1.689	1.68	1.655	1.735	1.746	1.699	1.68	1.6926	1.67432487572926	1.71087512427074
48001	1.708	1.669	1.67	1.689	1.678	1.655	1.735	1.747	1.698	1.677	1.6926	1.67415053296765	1.71104946703235
49001	1.704	1.673	1.671	1.691	1.678	1.653	1.732	1.746	1.696	1.678	1.6922	1.67443750187739	1.70996249812261
50001	1.699	1.671	1.668	1.685	1.679	1.65	1.735	1.744	1.699	1.681	1.6911	1.672896838907	1.709303161093
51001	1.697	1.671	1.668	1.686	1.676	1.651	1.736	1.74	1.699	1.682	1.6906	1.67284615502052	1.70835384497948
52001	1.697	1.668	1.666	1.685	1.673	1.652	1.737	1.739	1.698	1.68	1.6895	1.67144328022899	1.70755671977101
53001	1.694	1.666	1.668	1.687	1.672	1.652	1.738	1.735	1.696	1.678	1.6886	1.67089671598576	1.70630328401424
54001	1.694	1.669	1.666	1.689	1.673	1.658	1.736	1.734	1.695	1.678	1.6892	1.67246446144677	1.70593553855323
55001	1.697	1.669	1.667	1.688	1.675	1.653	1.735	1.735	1.699	1.682	1.69	1.6729481251601	1.7070518748399
56001	1.695	1.669	1.667	1.69	1.67	1.653	1.733	1.733	1.697	1.683	1.689	1.6722792610477	1.7057207389523
57001	1.693	1.671	1.666	1.689	1.671	1.652	1.736	1.733	1.698	1.682	1.6891	1.67201698860791	1.70618301139209
58001	1.692	1.67	1.663	1.69	1.671	1.656	1.734	1.732	1.7	1.681	1.6889	1.67221900407983	1.70558099592017
59001	1.69	1.67	1.666	1.689	1.669	1.656	1.733	1.728	1.702	1.678	1.6881	1.67193887853176	1.70426112146824
60001	1.692	1.671	1.666	1.69	1.668	1.656	1.732	1.735	1.704	1.676	1.689	1.6720233875909	1.7059766124091
61001	1.693	1.668	1.666	1.688	1.669	1.653	1.729	1.736	1.703	1.674	1.6879	1.67073721809651	1.70506278190349
62001	1.691	1.672	1.667	1.689	1.668	1.65	1.729	1.736	1.702	1.676	1.688	1.67086820966741	1.7051317903326
63001	1.692	1.675	1.667	1.693	1.667	1.651	1.728	1.736	1.699	1.676	1.6884	1.67157948955722	1.70522051044278
64001	1.692	1.678	1.667	1.698	1.669	1.656	1.727	1.737	1.698	1.678	1.69	1.67383214492341	1.7061678550766
65001	1.69	1.678	1.666	1.697	1.668	1.66	1.729	1.737	1.695	1.675	1.6895	1.67332356693623	1.70567643306377
66001	1.69	1.679	1.667	1.695	1.669	1.661	1.732	1.737	1.693	1.68	1.6903	1.6742459368383	1.7063540631617
67001	1.688	1.684	1.665	1.693	1.67	1.661	1.731	1.737	1.693	1.678	1.69	1.67405277704426	1.70594722295574
68001	1.687	1.683	1.663	1.691	1.672	1.663	1.731	1.735	1.692	1.676	1.6893	1.6736443828469	1.7049556171531
69001	1.689	1.683	1.662	1.686	1.672	1.665	1.731	1.737	1.69	1.678	1.6893	1.67352758069709	1.70507241930291
70001	1.689	1.682	1.664	1.686	1.674	1.665	1.729	1.734	1.69	1.678	1.6891	1.67415750822505	1.70404249177495
71001	1.687	1.684	1.668	1.683	1.677	1.667	1.728	1.732	1.69	1.677	1.6893	1.67521449091363	1.70338550908637
72001	1.687	1.684	1.67	1.686	1.677	1.664	1.728	1.729	1.69	1.675	1.689	1.675162282783	1.702837717217
73001	1.687	1.682	1.669	1.681	1.679	1.669	1.727	1.728	1.69	1.676	1.6888	1.67548802270301	1.70211197729699
74001	1.687	1.685	1.668	1.683	1.68	1.668	1.728	1.727	1.69	1.675	1.6891	1.67574113052022	1.70245886947978
75001	1.687	1.687	1.667	1.683	1.68	1.668	1.726	1.729	1.69	1.675	1.6892	1.6757858081123	1.7026141918877
76001	1.687	1.689	1.667	1.681	1.68	1.667	1.726	1.726	1.689	1.672	1.6884	1.67510599105695	1.70169400894305
77001	1.685	1.688	1.666	1.683	1.679	1.671	1.726	1.725	1.692	1.67	1.6885	1.67537060058918	1.70162939941082
78001	1.685	1.688	1.668	1.683	1.68	1.673	1.726	1.725	1.692	1.675	1.6895	1.67693543005998	1.70206456994002
79001	1.686	1.69	1.671	1.683	1.681	1.673	1.727	1.724	1.69	1.678	1.6903	1.67814009934251	1.70245990065749
80001	1.684	1.69	1.674	1.682	1.682	1.676	1.727	1.721	1.693	1.681	1.691	1.67963500422838	1.70236499577162
81001	1.684	1.69	1.672	1.682	1.687	1.674	1.724	1.719	1.691	1.683	1.6906	1.67980041778586	1.70139958221414
82001	1.684	1.69	1.672	1.681	1.684	1.674	1.726	1.721	1.69	1.68	1.6902	1.67871619141767	1.70168380858233
83001	1.683	1.69	1.67	1.682	1.684	1.675	1.726	1.72	1.689	1.68	1.6899	1.67845099740395	1.70134900259605
84001	1.682	1.69	1.672	1.683	1.684	1.674	1.725	1.718	1.688	1.678	1.6894	1.67830794686874	1.70049205313126
85001	1.682	1.689	1.673	1.684	1.684	1.674	1.726	1.717	1.691	1.677	1.6897	1.67862007533118	1.70077992466882
86001	1.683	1.688	1.674	1.683	1.685	1.673	1.726	1.716	1.69	1.677	1.6895	1.67854716333039	1.70045283666961
87001	1.683	1.689	1.677	1.683	1.684	1.674	1.726	1.716	1.692	1.677	1.6901	1.67935490094146	1.70084509905854
88001	1.681	1.693	1.677	1.683	1.684	1.674	1.724	1.716	1.691	1.678	1.6901	1.67961221925816	1.70058778074184
89001	1.681	1.693	1.677	1.682	1.684	1.674	1.725	1.715	1.69	1.68	1.6901	1.67963666728257	1.70056333271743
90001	1.68	1.691	1.677	1.682	1.687	1.676	1.726	1.717	1.689	1.679	1.6904	1.67969569606809	1.70110430393191
91001	1.68	1.691	1.677	1.682	1.685	1.678	1.725	1.717	1.694	1.679	1.6908	1.68029046773427	1.70130953226573
92001	1.678	1.688	1.678	1.682	1.685	1.679	1.724	1.715	1.693	1.678	1.69	1.67980297559743	1.70019702440257
93001	1.68	1.686	1.678	1.683	1.685	1.681	1.724	1.714	1.694	1.679	1.6904	1.68052969220338	1.70027030779662
94001	1.679	1.685	1.678	1.684	1.683	1.681	1.723	1.713	1.694	1.678	1.6898	1.68003578087551	1.69956421912449
95001	1.68	1.684	1.679	1.683	1.683	1.68	1.722	1.711	1.695	1.678	1.6895	1.68006278148323	1.69893721851677
96001	1.68	1.685	1.679	1.682	1.682	1.681	1.722	1.712	1.697	1.679	1.6899	1.68035842510088	1.69944157489912
97001	1.68	1.684	1.679	1.681	1.682	1.681	1.721	1.712	1.698	1.68	1.6898	1.68035125489814	1.69924874510186
98001	1.683	1.683	1.679	1.681	1.683	1.68	1.721	1.712	1.696	1.68	1.6898	1.68049235000419	1.69910764999581
99001	1.683	1.681	1.68	1.68	1.683	1.679	1.719	1.711	1.696	1.678	1.689	1.67987201908659	1.69812798091341
