1	2	2	2	2	2	2	2	2	2	2	2	2	2
1001	1.735	1.435	1.708	1.74	1.785	1.544	1.466	1.744	1.573	1.621	1.6351	1.55735143923876	1.71284856076124
2001	1.677	1.641	1.615	1.491	1.668	1.612	1.481	1.608	1.617	1.612	1.6022	1.56135041496743	1.64304958503257
3001	1.697	1.604	1.566	1.551	1.686	1.61	1.566	1.573	1.795	1.551	1.6199	1.56978933333333	1.67001066666667
4001	1.697	1.596	1.575	1.583	1.712	1.576	1.51	1.654	1.764	1.569	1.6236	1.57437732728373	1.67282267271627
5001	1.681	1.559	1.62	1.606	1.668	1.596	1.49	1.65	1.71	1.55	1.613	1.57125409603593	1.65474590396408
6001	1.681	1.561	1.589	1.574	1.654	1.607	1.48	1.635	1.687	1.622	1.609	1.57050763146342	1.64749236853658
7001	1.671	1.58	1.63	1.578	1.629	1.601	1.52	1.657	1.657	1.629	1.6152	1.58665030512714	1.64374969487286
8001	1.659	1.578	1.616	1.567	1.66	1.626	1.524	1.682	1.651	1.623	1.6186	1.58812607922976	1.64907392077024
9001	1.63	1.594	1.64	1.593	1.666	1.626	1.515	1.683	1.664	1.619	1.623	1.59313330416668	1.65286669583332
10001	1.635	1.587	1.627	1.589	1.658	1.624	1.523	1.694	1.653	1.613	1.6203	1.59122402409013	1.64937597590987
11001	1.621	1.579	1.599	1.598	1.657	1.623	1.515	1.691	1.637	1.614	1.6134	1.58422561232862	1.64257438767138
12001	1.62	1.593	1.603	1.602	1.642	1.635	1.523	1.69	1.642	1.588	1.6138	1.58648191527781	1.64111808472219
13001	1.629	1.622	1.615	1.602	1.635	1.625	1.555	1.679	1.635	1.588	1.6185	1.59823981836212	1.63876018163788
14001	1.623	1.626	1.595	1.591	1.631	1.629	1.574	1.684	1.64	1.578	1.6171	1.59643472482104	1.63776527517896
15001	1.625	1.615	1.607	1.596	1.639	1.637	1.555	1.695	1.634	1.604	1.6207	1.59831239148299	1.64308760851701
16001	1.638	1.623	1.615	1.617	1.638	1.615	1.561	1.681	1.641	1.61	1.6239	1.60506982709704	1.64273017290297
17001	1.63	1.611	1.625	1.61	1.645	1.618	1.576	1.675	1.641	1.603	1.6234	1.60672988281052	1.64007011718948
18001	1.64	1.604	1.624	1.61	1.643	1.62	1.58	1.672	1.643	1.613	1.6249	1.60897299824547	1.64082700175453
19001	1.647	1.603	1.618	1.617	1.636	1.62	1.586	1.668	1.654	1.608	1.6257	1.6100716712488	1.6413283287512
20001	1.645	1.602	1.618	1.621	1.633	1.617	1.582	1.663	1.654	1.6	1.6235	1.60768649887666	1.63931350112334
21001	1.657	1.596	1.609	1.627	1.626	1.624	1.596	1.66	1.643	1.598	1.6236	1.60866393691616	1.63853606308384
22001	1.649	1.598	1.605	1.619	1.623	1.624	1.598	1.653	1.648	1.596	1.6213	1.60745287781202	1.63514712218798
23001	1.649	1.595	1.605	1.616	1.633	1.623	1.6	1.65	1.651	1.605	1.6227	1.60915518510032	1.63624481489968
24001	1.649	1.589	1.602	1.616	1.63	1.621	1.6	1.643	1.642	1.592	1.6184	1.60467315726194	1.63212684273806
25001	1.644	1.587	1.609	1.616	1.639	1.612	1.599	1.637	1.641	1.604	1.6188	1.60633587933306	1.63126412066694
26001	1.641	1.584	1.606	1.616	1.639	1.606	1.597	1.631	1.628	1.612	1.616	1.6044524372942	1.6275475627058
27001	1.639	1.579	1.609	1.613	1.636	1.609	1.6	1.625	1.634	1.612	1.6156	1.60413330201555	1.62706669798445
28001	1.644	1.58	1.607	1.612	1.642	1.614	1.607	1.63	1.628	1.618	1.6182	1.6064516205562	1.6299483794438
29001	1.636	1.581	1.605	1.61	1.644	1.607	1.609	1.633	1.627	1.614	1.6166	1.60508501158393	1.62811498841607
30001	1.642	1.582	1.6	1.61	1.65	1.598	1.606	1.637	1.628	1.61	1.6163	1.60271427932636	1.62988572067364
31001	1.641	1.581	1.595	1.616	1.641	1.601	1.603	1.631	1.624	1.616	1.6149	1.60252644619449	1.62727355380551
32001	1.633	1.581	1.594	1.617	1.64	1.609	1.599	1.637	1.626	1.614	1.615	1.60286838986596	1.62713161013404
33001	1.635	1.578	1.593	1.611	1.64	1.603	1.6	1.635	1.625	1.615	1.6135	1.6008642901092	1.6261357098908
34001	1.637	1.584	1.592	1.611	1.633	1.596	1.599	1.631	1.632	1.613	1.6128	1.6006972755317	1.6249027244683
35001	1.637	1.586	1.592	1.614	1.629	1.596	1.599	1.629	1.621	1.606	1.6109	1.59994248779249	1.62185751220751
36001	1.639	1.588	1.591	1.616	1.626	1.606	1.601	1.625	1.622	1.606	1.612	1.60183651853175	1.62216348146825
37001	1.651	1.595	1.592	1.611	1.626	1.592	1.599	1.621	1.617	1.611	1.6115	1.60003311589353	1.62296688410647
38001	1.65	1.593	1.602	1.607	1.626	1.594	1.603	1.622	1.617	1.607	1.6121	1.601402676638	1.622797323362
39001	1.646	1.6	1.601	1.608	1.633	1.596	1.601	1.626	1.624	1.609	1.6144	1.60397447030922	1.62482552969078
40001	1.646	1.61	1.596	1.605	1.634	1.594	1.6	1.627	1.625	1.611	1.6148	1.60399804659641	1.62560195340359
41001	1.643	1.614	1.598	1.603	1.632	1.597	1.601	1.621	1.625	1.619	1.6153	1.60565785353542	1.62494214646458
42001	1.643	1.618	1.604	1.604	1.632	1.591	1.601	1.625	1.64	1.615	1.6173	1.60643009610591	1.62816990389409
43001	1.642	1.616	1.602	1.603	1.631	1.599	1.602	1.623	1.637	1.611	1.6166	1.60677303265951	1.62642696734049
44001	1.642	1.616	1.604	1.597	1.631	1.596	1.604	1.627	1.641	1.616	1.6174	1.60671165835543	1.62808834164457
45001	1.638	1.614	1.601	1.598	1.633	1.596	1.604	1.623	1.638	1.614	1.6159	1.60576406445693	1.62603593554307
46001	1.636	1.623	1.598	1.603	1.633	1.594	1.605	1.619	1.635	1.612	1.6158	1.60606204529802	1.62553795470198
47001	1.636	1.625	1.598	1.601	1.629	1.593	1.606	1.619	1.631	1.614	1.6152	1.60582381304699	1.62457618695301
48001	1.63	1.627	1.6	1.603	1.625	1.592	1.603	1.621	1.63	1.608	1.6139	1.60511297026547	1.62268702973453
49001	1.631	1.626	1.601	1.604	1.625	1.597	1.603	1.627	1.63	1.611	1.6155	1.6071217800883	1.62387821991171
50001	1.631	1.624	1.602	1.602	1.632	1.6	1.603	1.627	1.634	1.608	1.6163	1.60736556215783	1.62523443784217
51001	1.635	1.626	1.6	1.604	1.633	1.599	1.605	1.622	1.633	1.609	1.6166	1.60752266274971	1.62567733725029
52001	1.638	1.624	1.6	1.603	1.635	1.6	1.606	1.623	1.638	1.607	1.6174	1.6075253686201	1.6272746313799
53001	1.635	1.625	1.601	1.603	1.633	1.598	1.608	1.628	1.64	1.609	1.618	1.60821743773623	1.62778256226377
54001	1.635	1.624	1.605	1.601	1.631	1.599	1.609	1.627	1.638	1.612	1.6181	1.60906862663329	1.62713137336671
55001	1.633	1.626	1.606	1.6	1.633	1.596	1.609	1.624	1.635	1.612	1.6174	1.608384	1.626416
56001	1.632	1.622	1.603	1.601	1.631	1.6	1.606	1.624	1.634	1.613	1.6166	1.60818137472294	1.62501862527706
57001	1.635	1.622	1.6	1.599	1.63	1.597	1.607	1.624	1.633	1.611	1.6158	1.60665893504867	1.62494106495133
58001	1.633	1.622	1.603	1.599	1.632	1.596	1.604	1.625	1.633	1.613	1.616	1.60684866785654	1.62515133214346
59001	1.631	1.625	1.604	1.599	1.633	1.594	1.605	1.627	1.629	1.615	1.6162	1.60713866470473	1.62526133529527
60001	1.633	1.627	1.603	1.597	1.637	1.597	1.603	1.626	1.628	1.614	1.6165	1.6069057827602	1.6260942172398
61001	1.629	1.628	1.602	1.599	1.634	1.597	1.6	1.624	1.628	1.612	1.6153	1.60615776774159	1.62444223225841
62001	1.629	1.63	1.601	1.598	1.638	1.597	1.601	1.623	1.628	1.609	1.6154	1.60566029213306	1.62513970786694
63001	1.629	1.628	1.604	1.602	1.636	1.599	1.603	1.625	1.63	1.608	1.6164	1.60751274530578	1.62528725469422
64001	1.628	1.627	1.604	1.599	1.634	1.604	1.602	1.623	1.628	1.608	1.6157	1.60738930210178	1.62401069789822
65001	1.627	1.629	1.601	1.598	1.638	1.605	1.6	1.625	1.628	1.611	1.6162	1.60707763227616	1.62532236772384
66001	1.624	1.629	1.604	1.597	1.637	1.606	1.601	1.621	1.63	1.606	1.6155	1.60668	1.62432
67001	1.623	1.627	1.603	1.596	1.639	1.607	1.598	1.621	1.627	1.606	1.6147	1.60568944608929	1.62371055391071
68001	1.625	1.627	1.6	1.597	1.636	1.605	1.599	1.618	1.629	1.604	1.614	1.60498021335557	1.62301978664443
69001	1.625	1.626	1.599	1.599	1.636	1.606	1.6	1.618	1.629	1.606	1.6144	1.60572664627212	1.62307335372788
70001	1.623	1.629	1.598	1.598	1.635	1.606	1.6	1.616	1.627	1.602	1.6134	1.60455607688862	1.62224392311138
71001	1.621	1.629	1.598	1.599	1.631	1.605	1.601	1.614	1.624	1.603	1.6125	1.60451836274106	1.62048163725894
72001	1.619	1.628	1.598	1.603	1.633	1.604	1.602	1.615	1.623	1.602	1.6127	1.60493632149043	1.62046367850957
73001	1.62	1.627	1.598	1.602	1.629	1.604	1.605	1.613	1.622	1.601	1.6121	1.60491660074276	1.61928339925724
74001	1.62	1.629	1.598	1.601	1.629	1.602	1.606	1.615	1.62	1.6	1.612	1.60451655219093	1.61948344780907
75001	1.617	1.631	1.599	1.6	1.627	1.6	1.607	1.616	1.623	1.598	1.6118	1.60399929849308	1.61960070150692
76001	1.617	1.631	1.601	1.601	1.626	1.6	1.605	1.616	1.623	1.596	1.6116	1.60384649939991	1.61935350060009
77001	1.617	1.63	1.599	1.601	1.625	1.601	1.604	1.618	1.623	1.596	1.6114	1.60366303257801	1.61913696742199
78001	1.616	1.631	1.6	1.601	1.623	1.6	1.603	1.619	1.622	1.597	1.6112	1.60359322454066	1.61880677545934
79001	1.616	1.631	1.599	1.603	1.623	1.598	1.603	1.618	1.624	1.594	1.6109	1.60285338370632	1.61894661629368
80001	1.614	1.629	1.599	1.603	1.624	1.601	1.603	1.617	1.621	1.593	1.6104	1.60286425949963	1.61793574050037
81001	1.613	1.629	1.598	1.608	1.623	1.601	1.601	1.619	1.619	1.595	1.6106	1.60334711717085	1.61785288282915
82001	1.612	1.629	1.6	1.608	1.622	1.603	1.601	1.614	1.619	1.596	1.6104	1.60375524347073	1.61704475652927
83001	1.612	1.626	1.596	1.608	1.62	1.604	1.6	1.618	1.616	1.598	1.6098	1.60346704618681	1.61613295381319
84001	1.612	1.628	1.597	1.61	1.619	1.604	1.597	1.619	1.615	1.598	1.6099	1.60326006305251	1.61653993694749
85001	1.613	1.629	1.596	1.611	1.621	1.606	1.597	1.619	1.616	1.6	1.6108	1.60399905418342	1.61760094581658
86001	1.613	1.63	1.594	1.613	1.62	1.605	1.595	1.619	1.616	1.6	1.6105	1.60322918956069	1.61777081043931
87001	1.612	1.632	1.592	1.611	1.622	1.603	1.594	1.619	1.616	1.599	1.61	1.60199833350691	1.61800166649309
88001	1.613	1.633	1.593	1.614	1.62	1.604	1.594	1.617	1.616	1.599	1.6103	1.6024597277825	1.6181402722175
89001	1.613	1.637	1.593	1.614	1.618	1.604	1.592	1.616	1.617	1.596	1.61	1.60136215253151	1.61863784746849
90001	1.617	1.631	1.594	1.613	1.62	1.606	1.593	1.616	1.616	1.595	1.6101	1.60221412863971	1.61798587136029
91001	1.616	1.632	1.598	1.611	1.619	1.604	1.59	1.616	1.615	1.595	1.6096	1.60168845973698	1.61751154026302
92001	1.616	1.633	1.598	1.611	1.619	1.605	1.591	1.615	1.615	1.601	1.6104	1.60293254004214	1.61786745995786
93001	1.617	1.633	1.596	1.61	1.618	1.607	1.596	1.613	1.615	1.601	1.6106	1.6035803901343	1.6176196098657
94001	1.616	1.631	1.595	1.611	1.616	1.607	1.594	1.617	1.615	1.603	1.6105	1.60357189363695	1.61742810636305
95001	1.618	1.632	1.594	1.612	1.619	1.605	1.595	1.615	1.615	1.604	1.6109	1.60369287155349	1.61810712844651
96001	1.619	1.633	1.597	1.611	1.62	1.603	1.595	1.612	1.614	1.603	1.6107	1.60348931891027	1.61791068108973
97001	1.618	1.633	1.597	1.61	1.618	1.602	1.593	1.613	1.613	1.605	1.6102	1.60297896701757	1.61742103298243
98001	1.618	1.632	1.597	1.61	1.62	1.602	1.592	1.611	1.616	1.605	1.6103	1.60294862087013	1.61765137912987
99001	1.62	1.631	1.598	1.611	1.62	1.601	1.59	1.611	1.615	1.604	1.6101	1.60256850889782	1.61763149110218
