   1.0000000e+00   1.4891000e+00   1.5000000e+00
   2.0000000e+00   1.4891000e+00   1.4795268e+00
   3.0000000e+00   1.5082056e+00   1.5000000e+00
   4.0000000e+00   1.5041916e+00   1.5000000e+00
   5.0000000e+00   1.4936270e+00   1.5000000e+00
   6.0000000e+00   1.4936270e+00   1.4877161e+00
   7.0000000e+00   1.5053736e+00   1.5000000e+00
   8.0000000e+00   1.5028001e+00   1.5000000e+00
   9.0000000e+00   1.4955063e+00   1.5000000e+00
   1.0000000e+01   1.4955063e+00   1.4912258e+00
   1.1000000e+01   1.5039952e+00   1.5000000e+00
   1.2000000e+01   1.5021025e+00   1.5000000e+00
   1.3000000e+01   1.4965326e+00   1.5000000e+00
   1.4000000e+01   1.4965326e+00   1.4931756e+00
   1.5000000e+01   1.5031804e+00   1.5000000e+00
   1.6000000e+01   1.5016839e+00   1.5000000e+00
   1.7000000e+01   1.4971787e+00   1.5000000e+00
   1.8000000e+01   1.4971787e+00   1.4944164e+00
   1.9000000e+01   1.5026422e+00   1.5000000e+00
   2.0000000e+01   1.5014049e+00   1.5000000e+00
   2.1000000e+01   1.4976227e+00   1.5000000e+00
   2.2000000e+01   1.4976227e+00   1.4952754e+00
   2.3000000e+01   1.5022603e+00   1.5000000e+00
   2.4000000e+01   1.5012057e+00   1.5000000e+00
   2.5000000e+01   1.4979464e+00   1.5000000e+00
   2.6000000e+01   1.4979464e+00   1.4959054e+00
   2.7000000e+01   1.5019752e+00   1.5000000e+00
   2.8000000e+01   1.5010563e+00   1.5000000e+00
   2.9000000e+01   1.4981930e+00   1.5000000e+00
   3.0000000e+01   1.4981930e+00   1.4963871e+00
   3.1000000e+01   1.5017543e+00   1.5000000e+00
   3.2000000e+01   1.5009401e+00   1.5000000e+00
   3.3000000e+01   1.4983869e+00   1.5000000e+00
   3.4000000e+01   1.4983869e+00   1.4967674e+00
   3.5000000e+01   1.5015780e+00   1.5000000e+00
   3.6000000e+01   1.5008471e+00   1.5000000e+00
   3.7000000e+01   1.4985435e+00   1.5000000e+00
   3.8000000e+01   1.4985435e+00   1.4970753e+00
   3.9000000e+01   1.5014341e+00   1.5000000e+00
   4.0000000e+01   1.5007711e+00   1.5000000e+00
   4.1000000e+01   1.4986725e+00   1.5000000e+00
   4.2000000e+01   1.4986725e+00   1.4973296e+00
   4.3000000e+01   1.5013144e+00   1.5000000e+00
   4.4000000e+01   1.5007077e+00   1.5000000e+00
   4.5000000e+01   1.4987807e+00   1.5000000e+00
   4.6000000e+01   1.4987807e+00   1.4975432e+00
   4.7000000e+01   1.5012132e+00   1.5000000e+00
   4.8000000e+01   1.5006541e+00   1.5000000e+00
   4.9000000e+01   1.4988727e+00   1.5000000e+00
   5.0000000e+01   1.4988727e+00   1.4977252e+00
   5.1000000e+01   1.5011266e+00   1.5000000e+00
   5.2000000e+01   1.5006081e+00   1.5000000e+00
   5.3000000e+01   1.4989518e+00   1.5000000e+00
   5.4000000e+01   1.4989518e+00   1.4978821e+00
   5.5000000e+01   1.5010516e+00   1.5000000e+00
   5.6000000e+01   1.5005682e+00   1.5000000e+00
   5.7000000e+01   1.4990207e+00   1.5000000e+00
   5.8000000e+01   1.4990207e+00   1.4980187e+00
   5.9000000e+01   1.5009861e+00   1.5000000e+00
   6.0000000e+01   1.5005333e+00   1.5000000e+00
   6.1000000e+01   1.4990811e+00   1.5000000e+00
   6.2000000e+01   1.4990811e+00   1.4981388e+00
   6.3000000e+01   1.5009283e+00   1.5000000e+00
   6.4000000e+01   1.5005025e+00   1.5000000e+00
   6.5000000e+01   1.4991346e+00   1.5000000e+00
   6.6000000e+01   1.4991346e+00   1.4982452e+00
   6.7000000e+01   1.5008769e+00   1.5000000e+00
   6.8000000e+01   1.5004751e+00   1.5000000e+00
   6.9000000e+01   1.4991822e+00   1.5000000e+00
   7.0000000e+01   1.4991822e+00   1.4983400e+00
   7.1000000e+01   1.5008310e+00   1.5000000e+00
   7.2000000e+01   1.5004506e+00   1.5000000e+00
   7.3000000e+01   1.4992250e+00   1.5000000e+00
   7.4000000e+01   1.4992250e+00   1.4984251e+00
   7.5000000e+01   1.5007897e+00   1.5000000e+00
   7.6000000e+01   1.5004286e+00   1.5000000e+00
   7.7000000e+01   1.4992635e+00   1.5000000e+00
   7.8000000e+01   1.4992635e+00   1.4985020e+00
   7.9000000e+01   1.5007523e+00   1.5000000e+00
   8.0000000e+01   1.5004086e+00   1.5000000e+00
   8.1000000e+01   1.4992984e+00   1.5000000e+00
   8.2000000e+01   1.4992984e+00   1.4985716e+00
   8.3000000e+01   1.5007184e+00   1.5000000e+00
   8.4000000e+01   1.5003904e+00   1.5000000e+00
   8.5000000e+01   1.4993302e+00   1.5000000e+00
   8.6000000e+01   1.4993302e+00   1.4986351e+00
   8.7000000e+01   1.5006874e+00   1.5000000e+00
   8.8000000e+01   1.5003738e+00   1.5000000e+00
   8.9000000e+01   1.4993592e+00   1.5000000e+00
   9.0000000e+01   1.4993592e+00   1.4986932e+00
   9.1000000e+01   1.5006590e+00   1.5000000e+00
   9.2000000e+01   1.5003586e+00   1.5000000e+00
   9.3000000e+01   1.4993859e+00   1.5000000e+00
   9.4000000e+01   1.4993859e+00   1.4987465e+00
   9.5000000e+01   1.5006329e+00   1.5000000e+00
   9.6000000e+01   1.5003446e+00   1.5000000e+00
   9.7000000e+01   1.4994104e+00   1.5000000e+00
   9.8000000e+01   1.4994104e+00   1.4987957e+00
   9.9000000e+01   1.5006088e+00   1.5000000e+00
   1.0000000e+02   1.5003317e+00   1.5000000e+00
   1.0100000e+02   1.4994331e+00   1.5000000e+00
   1.0200000e+02   1.4994331e+00   1.4988411e+00
   1.0300000e+02   1.5005864e+00   1.5000000e+00
   1.0400000e+02   1.5003197e+00   1.5000000e+00
   1.0500000e+02   1.4994541e+00   1.5000000e+00
   1.0600000e+02   1.4994541e+00   1.4988833e+00
   1.0700000e+02   1.5005657e+00   1.5000000e+00
   1.0800000e+02   1.5003086e+00   1.5000000e+00
   1.0900000e+02   1.4994737e+00   1.5000000e+00
   1.1000000e+02   1.4994737e+00   1.4989225e+00
   1.1100000e+02   1.5005464e+00   1.5000000e+00
   1.1200000e+02   1.5002983e+00   1.5000000e+00
   1.1300000e+02   1.4994919e+00   1.5000000e+00
   1.1400000e+02   1.4994919e+00   1.4989590e+00
   1.1500000e+02   1.5005284e+00   1.5000000e+00
   1.1600000e+02   1.5002886e+00   1.5000000e+00
   1.1700000e+02   1.4995089e+00   1.5000000e+00
   1.1800000e+02   1.4995089e+00   1.4989931e+00
   1.1900000e+02   1.5005116e+00   1.5000000e+00
   1.2000000e+02   1.5002795e+00   1.5000000e+00
   1.2100000e+02   1.4995248e+00   1.5000000e+00
   1.2200000e+02   1.4995248e+00   1.4990251e+00
   1.2300000e+02   1.5004958e+00   1.5000000e+00
   1.2400000e+02   1.5002711e+00   1.5000000e+00
   1.2500000e+02   1.4995397e+00   1.5000000e+00
   1.2600000e+02   1.4995397e+00   1.4990551e+00
   1.2700000e+02   1.5004810e+00   1.5000000e+00
   1.2800000e+02   1.5002631e+00   1.5000000e+00
   1.2900000e+02   1.4995538e+00   1.5000000e+00
   1.3000000e+02   1.4995538e+00   1.4990833e+00
   1.3100000e+02   1.5004670e+00   1.5000000e+00
   1.3200000e+02   1.5002556e+00   1.5000000e+00
   1.3300000e+02   1.4995670e+00   1.5000000e+00
   1.3400000e+02   1.4995670e+00   1.4991099e+00
   1.3500000e+02   1.5004538e+00   1.5000000e+00
   1.3600000e+02   1.5002485e+00   1.5000000e+00
   1.3700000e+02   1.4995794e+00   1.5000000e+00
   1.3800000e+02   1.4995794e+00   1.4991349e+00
   1.3900000e+02   1.5004414e+00   1.5000000e+00
   1.4000000e+02   1.5002418e+00   1.5000000e+00
   1.4100000e+02   1.4995912e+00   1.5000000e+00
   1.4200000e+02   1.4995912e+00   1.4991586e+00
   1.4300000e+02   1.5004296e+00   1.5000000e+00
   1.4400000e+02   1.5002355e+00   1.5000000e+00
   1.4500000e+02   1.4996024e+00   1.5000000e+00
   1.4600000e+02   1.4996024e+00   1.4991811e+00
   1.4700000e+02   1.5004185e+00   1.5000000e+00
   1.4800000e+02   1.5002295e+00   1.5000000e+00
   1.4900000e+02   1.4996129e+00   1.5000000e+00
   1.5000000e+02   1.4996129e+00   1.4992023e+00
   1.5100000e+02   1.5004079e+00   1.5000000e+00
   1.5200000e+02   1.5002238e+00   1.5000000e+00
   1.5300000e+02   1.4996230e+00   1.5000000e+00
   1.5400000e+02   1.4996230e+00   1.4992225e+00
   1.5500000e+02   1.5003979e+00   1.5000000e+00
   1.5600000e+02   1.5002184e+00   1.5000000e+00
   1.5700000e+02   1.4996325e+00   1.5000000e+00
   1.5800000e+02   1.4996325e+00   1.4992417e+00
   1.5900000e+02   1.5003883e+00   1.5000000e+00
   1.6000000e+02   1.5002132e+00   1.5000000e+00
   1.6100000e+02   1.4996415e+00   1.5000000e+00
   1.6200000e+02   1.4996415e+00   1.4992600e+00
   1.6300000e+02   1.5003792e+00   1.5000000e+00
   1.6400000e+02   1.5002083e+00   1.5000000e+00
   1.6500000e+02   1.4996502e+00   1.5000000e+00
   1.6600000e+02   1.4996502e+00   1.4992774e+00
   1.6700000e+02   1.5003706e+00   1.5000000e+00
   1.6800000e+02   1.5002037e+00   1.5000000e+00
   1.6900000e+02   1.4996584e+00   1.5000000e+00
   1.7000000e+02   1.4996584e+00   1.4992940e+00
   1.7100000e+02   1.5003623e+00   1.5000000e+00
   1.7200000e+02   1.5001992e+00   1.5000000e+00
   1.7300000e+02   1.4996663e+00   1.5000000e+00
   1.7400000e+02   1.4996663e+00   1.4993099e+00
   1.7500000e+02   1.5003544e+00   1.5000000e+00
   1.7600000e+02   1.5001949e+00   1.5000000e+00
   1.7700000e+02   1.4996738e+00   1.5000000e+00
   1.7800000e+02   1.4996738e+00   1.4993251e+00
   1.7900000e+02   1.5003468e+00   1.5000000e+00
   1.8000000e+02   1.5001908e+00   1.5000000e+00
   1.8100000e+02   1.4996810e+00   1.5000000e+00
   1.8200000e+02   1.4996810e+00   1.4993396e+00
   1.8300000e+02   1.5003396e+00   1.5000000e+00
   1.8400000e+02   1.5001869e+00   1.5000000e+00
   1.8500000e+02   1.4996878e+00   1.5000000e+00
   1.8600000e+02   1.4996878e+00   1.4993535e+00
   1.8700000e+02   1.5003326e+00   1.5000000e+00
   1.8800000e+02   1.5001832e+00   1.5000000e+00
   1.8900000e+02   1.4996944e+00   1.5000000e+00
   1.9000000e+02   1.4996944e+00   1.4993668e+00
   1.9100000e+02   1.5003260e+00   1.5000000e+00
   1.9200000e+02   1.5001796e+00   1.5000000e+00
   1.9300000e+02   1.4997008e+00   1.5000000e+00
   1.9400000e+02   1.4997008e+00   1.4993796e+00
   1.9500000e+02   1.5003196e+00   1.5000000e+00
   1.9600000e+02   1.5001761e+00   1.5000000e+00
   1.9700000e+02   1.4997069e+00   1.5000000e+00
   1.9800000e+02   1.4997069e+00   1.4993919e+00
   1.9900000e+02   1.5003134e+00   1.5000000e+00
   2.0000000e+02   1.5001728e+00   1.5000000e+00
   2.0100000e+02   1.4997127e+00   1.5000000e+00
   2.0200000e+02   1.4997127e+00   1.4994037e+00
   2.0300000e+02   1.5003075e+00   1.5000000e+00
   2.0400000e+02   1.5001696e+00   1.5000000e+00
   2.0500000e+02   1.4997183e+00   1.5000000e+00
   2.0600000e+02   1.4997183e+00   1.4994151e+00
   2.0700000e+02   1.5003018e+00   1.5000000e+00
   2.0800000e+02   1.5001665e+00   1.5000000e+00
   2.0900000e+02   1.4997237e+00   1.5000000e+00
   2.1000000e+02   1.4997237e+00   1.4994260e+00
   2.1100000e+02   1.5002963e+00   1.5000000e+00
   2.1200000e+02   1.5001636e+00   1.5000000e+00
   2.1300000e+02   1.4997289e+00   1.5000000e+00
   2.1400000e+02   1.4997289e+00   1.4994365e+00
   2.1500000e+02   1.5002911e+00   1.5000000e+00
   2.1600000e+02   1.5001607e+00   1.5000000e+00
   2.1700000e+02   1.4997339e+00   1.5000000e+00
   2.1800000e+02   1.4997339e+00   1.4994467e+00
   2.1900000e+02   1.5002860e+00   1.5000000e+00
   2.2000000e+02   1.5001580e+00   1.5000000e+00
   2.2100000e+02   1.4997388e+00   1.5000000e+00
   2.2200000e+02   1.4997388e+00   1.4994565e+00
   2.2300000e+02   1.5002811e+00   1.5000000e+00
   2.2400000e+02   1.5001553e+00   1.5000000e+00
   2.2500000e+02   1.4997434e+00   1.5000000e+00
   2.2600000e+02   1.4997434e+00   1.4994659e+00
   2.2700000e+02   1.5002763e+00   1.5000000e+00
   2.2800000e+02   1.5001527e+00   1.5000000e+00
   2.2900000e+02   1.4997479e+00   1.5000000e+00
   2.3000000e+02   1.4997479e+00   1.4994750e+00
   2.3100000e+02   1.5002717e+00   1.5000000e+00
   2.3200000e+02   1.5001503e+00   1.5000000e+00
   2.3300000e+02   1.4997523e+00   1.5000000e+00
   2.3400000e+02   1.4997523e+00   1.4994839e+00
   2.3500000e+02   1.5002673e+00   1.5000000e+00
   2.3600000e+02   1.5001479e+00   1.5000000e+00
   2.3700000e+02   1.4997565e+00   1.5000000e+00
   2.3800000e+02   1.4997565e+00   1.4994924e+00
   2.3900000e+02   1.5002630e+00   1.5000000e+00
   2.4000000e+02   1.5001455e+00   1.5000000e+00
   2.4100000e+02   1.4997606e+00   1.5000000e+00
   2.4200000e+02   1.4997606e+00   1.4995007e+00
   2.4300000e+02   1.5002589e+00   1.5000000e+00
   2.4400000e+02   1.5001433e+00   1.5000000e+00
   2.4500000e+02   1.4997645e+00   1.5000000e+00
   2.4600000e+02   1.4997645e+00   1.4995086e+00
   2.4700000e+02   1.5002548e+00   1.5000000e+00
   2.4800000e+02   1.5001411e+00   1.5000000e+00
   2.4900000e+02   1.4997683e+00   1.5000000e+00
   2.5000000e+02   1.4997683e+00   1.4995164e+00
   2.5100000e+02   1.5002510e+00   1.5000000e+00
   2.5200000e+02   1.5001390e+00   1.5000000e+00
   2.5300000e+02   1.4997720e+00   1.5000000e+00
   2.5400000e+02   1.4997720e+00   1.4995239e+00
   2.5500000e+02   1.5002472e+00   1.5000000e+00
   2.5600000e+02   1.5001370e+00   1.5000000e+00
   2.5700000e+02   1.4997756e+00   1.5000000e+00
   2.5800000e+02   1.4997756e+00   1.4995311e+00
   2.5900000e+02   1.5002435e+00   1.5000000e+00
   2.6000000e+02   1.5001350e+00   1.5000000e+00
   2.6100000e+02   1.4997791e+00   1.5000000e+00
   2.6200000e+02   1.4997791e+00   1.4995382e+00
   2.6300000e+02   1.5002400e+00   1.5000000e+00
   2.6400000e+02   1.5001331e+00   1.5000000e+00
   2.6500000e+02   1.4997824e+00   1.5000000e+00
   2.6600000e+02   1.4997824e+00   1.4995450e+00
   2.6700000e+02   1.5002365e+00   1.5000000e+00
   2.6800000e+02   1.5001312e+00   1.5000000e+00
   2.6900000e+02   1.4997857e+00   1.5000000e+00
   2.7000000e+02   1.4997857e+00   1.4995517e+00
   2.7100000e+02   1.5002332e+00   1.5000000e+00
   2.7200000e+02   1.5001294e+00   1.5000000e+00
   2.7300000e+02   1.4997889e+00   1.5000000e+00
   2.7400000e+02   1.4997889e+00   1.4995581e+00
   2.7500000e+02   1.5002299e+00   1.5000000e+00
   2.7600000e+02   1.5001276e+00   1.5000000e+00
   2.7700000e+02   1.4997920e+00   1.5000000e+00
   2.7800000e+02   1.4997920e+00   1.4995644e+00
   2.7900000e+02   1.5002268e+00   1.5000000e+00
   2.8000000e+02   1.5001259e+00   1.5000000e+00
   2.8100000e+02   1.4997950e+00   1.5000000e+00
   2.8200000e+02   1.4997950e+00   1.4995705e+00
   2.8300000e+02   1.5002237e+00   1.5000000e+00
   2.8400000e+02   1.5001242e+00   1.5000000e+00
   2.8500000e+02   1.4997979e+00   1.5000000e+00
   2.8600000e+02   1.4997979e+00   1.4995764e+00
   2.8700000e+02   1.5002207e+00   1.5000000e+00
   2.8800000e+02   1.5001226e+00   1.5000000e+00
   2.8900000e+02   1.4998007e+00   1.5000000e+00
   2.9000000e+02   1.4998007e+00   1.4995822e+00
   2.9100000e+02   1.5002178e+00   1.5000000e+00
   2.9200000e+02   1.5001210e+00   1.5000000e+00
   2.9300000e+02   1.4998035e+00   1.5000000e+00
   2.9400000e+02   1.4998035e+00   1.4995878e+00
   2.9500000e+02   1.5002150e+00   1.5000000e+00
   2.9600000e+02   1.5001195e+00   1.5000000e+00
   2.9700000e+02   1.4998062e+00   1.5000000e+00
   2.9800000e+02   1.4998062e+00   1.4995932e+00
   2.9900000e+02   1.5002122e+00   1.5000000e+00
   3.0000000e+02   1.5001180e+00   1.5000000e+00
   3.0100000e+02   1.4998088e+00   1.5000000e+00
   3.0200000e+02   1.4998088e+00   1.4995986e+00
   3.0300000e+02   1.5002095e+00   1.5000000e+00
   3.0400000e+02   1.5001165e+00   1.5000000e+00
   3.0500000e+02   1.4998113e+00   1.5000000e+00
   3.0600000e+02   1.4998113e+00   1.4996037e+00
   3.0700000e+02   1.5002069e+00   1.5000000e+00
   3.0800000e+02   1.5001151e+00   1.5000000e+00
   3.0900000e+02   1.4998138e+00   1.5000000e+00
   3.1000000e+02   1.4998138e+00   1.4996088e+00
   3.1100000e+02   1.5002044e+00   1.5000000e+00
   3.1200000e+02   1.5001137e+00   1.5000000e+00
   3.1300000e+02   1.4998162e+00   1.5000000e+00
   3.1400000e+02   1.4998162e+00   1.4996137e+00
   3.1500000e+02   1.5002019e+00   1.5000000e+00
   3.1600000e+02   1.5001124e+00   1.5000000e+00
   3.1700000e+02   1.4998186e+00   1.5000000e+00
   3.1800000e+02   1.4998186e+00   1.4996185e+00
   3.1900000e+02   1.5001995e+00   1.5000000e+00
   3.2000000e+02   1.5001111e+00   1.5000000e+00
   3.2100000e+02   1.4998209e+00   1.5000000e+00
   3.2200000e+02   1.4998209e+00   1.4996232e+00
   3.2300000e+02   1.5001971e+00   1.5000000e+00
   3.2400000e+02   1.5001098e+00   1.5000000e+00
   3.2500000e+02   1.4998231e+00   1.5000000e+00
   3.2600000e+02   1.4998231e+00   1.4996278e+00
   3.2700000e+02   1.5001948e+00   1.5000000e+00
   3.2800000e+02   1.5001085e+00   1.5000000e+00
   3.2900000e+02   1.4998253e+00   1.5000000e+00
   3.3000000e+02   1.4998253e+00   1.4996322e+00
   3.3100000e+02   1.5001925e+00   1.5000000e+00
   3.3200000e+02   1.5001073e+00   1.5000000e+00
   3.3300000e+02   1.4998275e+00   1.5000000e+00
   3.3400000e+02   1.4998275e+00   1.4996366e+00
   3.3500000e+02   1.5001903e+00   1.5000000e+00
   3.3600000e+02   1.5001061e+00   1.5000000e+00
   3.3700000e+02   1.4998295e+00   1.5000000e+00
   3.3800000e+02   1.4998295e+00   1.4996408e+00
   3.3900000e+02   1.5001882e+00   1.5000000e+00
   3.4000000e+02   1.5001049e+00   1.5000000e+00
   3.4100000e+02   1.4998316e+00   1.5000000e+00
   3.4200000e+02   1.4998316e+00   1.4996450e+00
   3.4300000e+02   1.5001861e+00   1.5000000e+00
   3.4400000e+02   1.5001038e+00   1.5000000e+00
   3.4500000e+02   1.4998336e+00   1.5000000e+00
   3.4600000e+02   1.4998336e+00   1.4996490e+00
   3.4700000e+02   1.5001840e+00   1.5000000e+00
   3.4800000e+02   1.5001027e+00   1.5000000e+00
   3.4900000e+02   1.4998355e+00   1.5000000e+00
   3.5000000e+02   1.4998355e+00   1.4996530e+00
   3.5100000e+02   1.5001820e+00   1.5000000e+00
   3.5200000e+02   1.5001016e+00   1.5000000e+00
   3.5300000e+02   1.4998374e+00   1.5000000e+00
   3.5400000e+02   1.4998374e+00   1.4996569e+00
   3.5500000e+02   1.5001800e+00   1.5000000e+00
   3.5600000e+02   1.5001005e+00   1.5000000e+00
   3.5700000e+02   1.4998393e+00   1.5000000e+00
   3.5800000e+02   1.4998393e+00   1.4996607e+00
   3.5900000e+02   1.5001781e+00   1.5000000e+00
   3.6000000e+02   1.5000995e+00   1.5000000e+00
   3.6100000e+02   1.4998411e+00   1.5000000e+00
   3.6200000e+02   1.4998411e+00   1.4996644e+00
   3.6300000e+02   1.5001762e+00   1.5000000e+00
   3.6400000e+02   1.5000985e+00   1.5000000e+00
   3.6500000e+02   1.4998429e+00   1.5000000e+00
   3.6600000e+02   1.4998429e+00   1.4996680e+00
   3.6700000e+02   1.5001744e+00   1.5000000e+00
   3.6800000e+02   1.5000974e+00   1.5000000e+00
   3.6900000e+02   1.4998446e+00   1.5000000e+00
   3.7000000e+02   1.4998446e+00   1.4996716e+00
   3.7100000e+02   1.5001726e+00   1.5000000e+00
   3.7200000e+02   1.5000965e+00   1.5000000e+00
   3.7300000e+02   1.4998463e+00   1.5000000e+00
   3.7400000e+02   1.4998463e+00   1.4996750e+00
   3.7500000e+02   1.5001708e+00   1.5000000e+00
   3.7600000e+02   1.5000955e+00   1.5000000e+00
   3.7700000e+02   1.4998480e+00   1.5000000e+00
   3.7800000e+02   1.4998480e+00   1.4996784e+00
   3.7900000e+02   1.5001691e+00   1.5000000e+00
   3.8000000e+02   1.5000946e+00   1.5000000e+00
   3.8100000e+02   1.4998496e+00   1.5000000e+00
   3.8200000e+02   1.4998496e+00   1.4996818e+00
   3.8300000e+02   1.5001674e+00   1.5000000e+00
   3.8400000e+02   1.5000936e+00   1.5000000e+00
   3.8500000e+02   1.4998512e+00   1.5000000e+00
   3.8600000e+02   1.4998512e+00   1.4996850e+00
   3.8700000e+02   1.5001658e+00   1.5000000e+00
   3.8800000e+02   1.5000927e+00   1.5000000e+00
   3.8900000e+02   1.4998528e+00   1.5000000e+00
   3.9000000e+02   1.4998528e+00   1.4996882e+00
   3.9100000e+02   1.5001641e+00   1.5000000e+00
   3.9200000e+02   1.5000919e+00   1.5000000e+00
   3.9300000e+02   1.4998543e+00   1.5000000e+00
   3.9400000e+02   1.4998543e+00   1.4996914e+00
   3.9500000e+02   1.5001625e+00   1.5000000e+00
   3.9600000e+02   1.5000910e+00   1.5000000e+00
   3.9700000e+02   1.4998558e+00   1.5000000e+00
   3.9800000e+02   1.4998558e+00   1.4996944e+00
   3.9900000e+02   1.5001610e+00   1.5000000e+00
   4.0000000e+02   1.5000901e+00   1.5000000e+00
   4.0100000e+02   1.4998573e+00   1.5000000e+00
   4.0200000e+02   1.4998573e+00   1.4996974e+00
   4.0300000e+02   1.5001595e+00   1.5000000e+00
   4.0400000e+02   1.5000893e+00   1.5000000e+00
   4.0500000e+02   1.4998587e+00   1.5000000e+00
   4.0600000e+02   1.4998587e+00   1.4997004e+00
   4.0700000e+02   1.5001580e+00   1.5000000e+00
   4.0800000e+02   1.5000885e+00   1.5000000e+00
   4.0900000e+02   1.4998602e+00   1.5000000e+00
   4.1000000e+02   1.4998602e+00   1.4997033e+00
   4.1100000e+02   1.5001565e+00   1.5000000e+00
   4.1200000e+02   1.5000877e+00   1.5000000e+00
   4.1300000e+02   1.4998615e+00   1.5000000e+00
   4.1400000e+02   1.4998615e+00   1.4997061e+00
   4.1500000e+02   1.5001550e+00   1.5000000e+00
   4.1600000e+02   1.5000869e+00   1.5000000e+00
   4.1700000e+02   1.4998629e+00   1.5000000e+00
   4.1800000e+02   1.4998629e+00   1.4997089e+00
   4.1900000e+02   1.5001536e+00   1.5000000e+00
   4.2000000e+02   1.5000861e+00   1.5000000e+00
   4.2100000e+02   1.4998642e+00   1.5000000e+00
   4.2200000e+02   1.4998642e+00   1.4997116e+00
   4.2300000e+02   1.5001522e+00   1.5000000e+00
   4.2400000e+02   1.5000854e+00   1.5000000e+00
   4.2500000e+02   1.4998656e+00   1.5000000e+00
   4.2600000e+02   1.4998656e+00   1.4997143e+00
   4.2700000e+02   1.5001509e+00   1.5000000e+00
   4.2800000e+02   1.5000846e+00   1.5000000e+00
   4.2900000e+02   1.4998668e+00   1.5000000e+00
   4.3000000e+02   1.4998668e+00   1.4997170e+00
   4.3100000e+02   1.5001495e+00   1.5000000e+00
   4.3200000e+02   1.5000839e+00   1.5000000e+00
   4.3300000e+02   1.4998681e+00   1.5000000e+00
   4.3400000e+02   1.4998681e+00   1.4997195e+00
   4.3500000e+02   1.5001482e+00   1.5000000e+00
   4.3600000e+02   1.5000832e+00   1.5000000e+00
   4.3700000e+02   1.4998693e+00   1.5000000e+00
   4.3800000e+02   1.4998693e+00   1.4997221e+00
   4.3900000e+02   1.5001469e+00   1.5000000e+00
   4.4000000e+02   1.5000825e+00   1.5000000e+00
   4.4100000e+02   1.4998706e+00   1.5000000e+00
   4.4200000e+02   1.4998706e+00   1.4997246e+00
   4.4300000e+02   1.5001457e+00   1.5000000e+00
   4.4400000e+02   1.5000818e+00   1.5000000e+00
   4.4500000e+02   1.4998718e+00   1.5000000e+00
   4.4600000e+02   1.4998718e+00   1.4997270e+00
   4.4700000e+02   1.5001444e+00   1.5000000e+00
   4.4800000e+02   1.5000811e+00   1.5000000e+00
   4.4900000e+02   1.4998729e+00   1.5000000e+00
   4.5000000e+02   1.4998729e+00   1.4997294e+00
   4.5100000e+02   1.5001432e+00   1.5000000e+00
   4.5200000e+02   1.5000804e+00   1.5000000e+00
   4.5300000e+02   1.4998741e+00   1.5000000e+00
   4.5400000e+02   1.4998741e+00   1.4997318e+00
   4.5500000e+02   1.5001420e+00   1.5000000e+00
   4.5600000e+02   1.5000798e+00   1.5000000e+00
   4.5700000e+02   1.4998752e+00   1.5000000e+00
   4.5800000e+02   1.4998752e+00   1.4997341e+00
   4.5900000e+02   1.5001408e+00   1.5000000e+00
   4.6000000e+02   1.5000791e+00   1.5000000e+00
   4.6100000e+02   1.4998763e+00   1.5000000e+00
   4.6200000e+02   1.4998763e+00   1.4997364e+00
   4.6300000e+02   1.5001396e+00   1.5000000e+00
   4.6400000e+02   1.5000785e+00   1.5000000e+00
   4.6500000e+02   1.4998774e+00   1.5000000e+00
   4.6600000e+02   1.4998774e+00   1.4997386e+00
   4.6700000e+02   1.5001385e+00   1.5000000e+00
   4.6800000e+02   1.5000779e+00   1.5000000e+00
   4.6900000e+02   1.4998785e+00   1.5000000e+00
   4.7000000e+02   1.4998785e+00   1.4997408e+00
   4.7100000e+02   1.5001374e+00   1.5000000e+00
   4.7200000e+02   1.5000773e+00   1.5000000e+00
   4.7300000e+02   1.4998796e+00   1.5000000e+00
   4.7400000e+02   1.4998796e+00   1.4997430e+00
   4.7500000e+02   1.5001363e+00   1.5000000e+00
   4.7600000e+02   1.5000767e+00   1.5000000e+00
   4.7700000e+02   1.4998806e+00   1.5000000e+00
   4.7800000e+02   1.4998806e+00   1.4997451e+00
   4.7900000e+02   1.5001352e+00   1.5000000e+00
   4.8000000e+02   1.5000761e+00   1.5000000e+00
   4.8100000e+02   1.4998816e+00   1.5000000e+00
   4.8200000e+02   1.4998816e+00   1.4997472e+00
   4.8300000e+02   1.5001341e+00   1.5000000e+00
   4.8400000e+02   1.5000755e+00   1.5000000e+00
   4.8500000e+02   1.4998826e+00   1.5000000e+00
   4.8600000e+02   1.4998826e+00   1.4997493e+00
   4.8700000e+02   1.5001331e+00   1.5000000e+00
   4.8800000e+02   1.5000749e+00   1.5000000e+00
   4.8900000e+02   1.4998836e+00   1.5000000e+00
   4.9000000e+02   1.4998836e+00   1.4997513e+00
   4.9100000e+02   1.5001320e+00   1.5000000e+00
   4.9200000e+02   1.5000743e+00   1.5000000e+00
   4.9300000e+02   1.4998846e+00   1.5000000e+00
   4.9400000e+02   1.4998846e+00   1.4997533e+00
   4.9500000e+02   1.5001310e+00   1.5000000e+00
   4.9600000e+02   1.5000738e+00   1.5000000e+00
   4.9700000e+02   1.4998856e+00   1.5000000e+00
   4.9800000e+02   1.4998856e+00   1.4997553e+00
   4.9900000e+02   1.5001300e+00   1.5000000e+00
   5.0000000e+02   1.5000732e+00   1.5000000e+00
   5.0100000e+02   1.4998865e+00   1.5000000e+00
   5.0200000e+02   1.4998865e+00   1.4997572e+00
   5.0300000e+02   1.5001290e+00   1.5000000e+00
   5.0400000e+02   1.5000727e+00   1.5000000e+00
   5.0500000e+02   1.4998874e+00   1.5000000e+00
   5.0600000e+02   1.4998874e+00   1.4997591e+00
   5.0700000e+02   1.5001280e+00   1.5000000e+00
   5.0800000e+02   1.5000722e+00   1.5000000e+00
   5.0900000e+02   1.4998883e+00   1.5000000e+00
   5.1000000e+02   1.4998883e+00   1.4997610e+00
   5.1100000e+02   1.5001271e+00   1.5000000e+00
   5.1200000e+02   1.5000716e+00   1.5000000e+00
   5.1300000e+02   1.4998892e+00   1.5000000e+00
   5.1400000e+02   1.4998892e+00   1.4997629e+00
   5.1500000e+02   1.5001261e+00   1.5000000e+00
   5.1600000e+02   1.5000711e+00   1.5000000e+00
   5.1700000e+02   1.4998901e+00   1.5000000e+00
   5.1800000e+02   1.4998901e+00   1.4997647e+00
   5.1900000e+02   1.5001252e+00   1.5000000e+00
   5.2000000e+02   1.5000706e+00   1.5000000e+00
   5.2100000e+02   1.4998910e+00   1.5000000e+00
   5.2200000e+02   1.4998910e+00   1.4997665e+00
   5.2300000e+02   1.5001243e+00   1.5000000e+00
   5.2400000e+02   1.5000701e+00   1.5000000e+00
   5.2500000e+02   1.4998919e+00   1.5000000e+00
   5.2600000e+02   1.4998919e+00   1.4997682e+00
   5.2700000e+02   1.5001234e+00   1.5000000e+00
   5.2800000e+02   1.5000696e+00   1.5000000e+00
   5.2900000e+02   1.4998927e+00   1.5000000e+00
   5.3000000e+02   1.4998927e+00   1.4997700e+00
   5.3100000e+02   1.5001225e+00   1.5000000e+00
   5.3200000e+02   1.5000691e+00   1.5000000e+00
   5.3300000e+02   1.4998935e+00   1.5000000e+00
   5.3400000e+02   1.4998935e+00   1.4997717e+00
   5.3500000e+02   1.5001216e+00   1.5000000e+00
   5.3600000e+02   1.5000687e+00   1.5000000e+00
   5.3700000e+02   1.4998944e+00   1.5000000e+00
   5.3800000e+02   1.4998944e+00   1.4997734e+00
   5.3900000e+02   1.5001208e+00   1.5000000e+00
   5.4000000e+02   1.5000682e+00   1.5000000e+00
   5.4100000e+02   1.4998952e+00   1.5000000e+00
   5.4200000e+02   1.4998952e+00   1.4997750e+00
   5.4300000e+02   1.5001199e+00   1.5000000e+00
   5.4400000e+02   1.5000677e+00   1.5000000e+00
   5.4500000e+02   1.4998960e+00   1.5000000e+00
   5.4600000e+02   1.4998960e+00   1.4997767e+00
   5.4700000e+02   1.5001191e+00   1.5000000e+00
   5.4800000e+02   1.5000673e+00   1.5000000e+00
   5.4900000e+02   1.4998967e+00   1.5000000e+00
   5.5000000e+02   1.4998967e+00   1.4997783e+00
   5.5100000e+02   1.5001183e+00   1.5000000e+00
   5.5200000e+02   1.5000668e+00   1.5000000e+00
   5.5300000e+02   1.4998975e+00   1.5000000e+00
   5.5400000e+02   1.4998975e+00   1.4997799e+00
   5.5500000e+02   1.5001175e+00   1.5000000e+00
   5.5600000e+02   1.5000664e+00   1.5000000e+00
   5.5700000e+02   1.4998983e+00   1.5000000e+00
   5.5800000e+02   1.4998983e+00   1.4997814e+00
   5.5900000e+02   1.5001167e+00   1.5000000e+00
   5.6000000e+02   1.5000659e+00   1.5000000e+00
   5.6100000e+02   1.4998990e+00   1.5000000e+00
   5.6200000e+02   1.4998990e+00   1.4997830e+00
   5.6300000e+02   1.5001159e+00   1.5000000e+00
   5.6400000e+02   1.5000655e+00   1.5000000e+00
   5.6500000e+02   1.4998998e+00   1.5000000e+00
   5.6600000e+02   1.4998998e+00   1.4997845e+00
   5.6700000e+02   1.5001151e+00   1.5000000e+00
   5.6800000e+02   1.5000651e+00   1.5000000e+00
   5.6900000e+02   1.4999005e+00   1.5000000e+00
   5.7000000e+02   1.4999005e+00   1.4997860e+00
   5.7100000e+02   1.5001143e+00   1.5000000e+00
   5.7200000e+02   1.5000647e+00   1.5000000e+00
   5.7300000e+02   1.4999012e+00   1.5000000e+00
   5.7400000e+02   1.4999012e+00   1.4997875e+00
   5.7500000e+02   1.5001136e+00   1.5000000e+00
   5.7600000e+02   1.5000642e+00   1.5000000e+00
   5.7700000e+02   1.4999019e+00   1.5000000e+00
   5.7800000e+02   1.4999019e+00   1.4997889e+00
   5.7900000e+02   1.5001128e+00   1.5000000e+00
   5.8000000e+02   1.5000638e+00   1.5000000e+00
   5.8100000e+02   1.4999026e+00   1.5000000e+00
   5.8200000e+02   1.4999026e+00   1.4997904e+00
   5.8300000e+02   1.5001121e+00   1.5000000e+00
   5.8400000e+02   1.5000634e+00   1.5000000e+00
   5.8500000e+02   1.4999033e+00   1.5000000e+00
   5.8600000e+02   1.4999033e+00   1.4997918e+00
   5.8700000e+02   1.5001113e+00   1.5000000e+00
   5.8800000e+02   1.5000630e+00   1.5000000e+00
   5.8900000e+02   1.4999040e+00   1.5000000e+00
   5.9000000e+02   1.4999040e+00   1.4997932e+00
   5.9100000e+02   1.5001106e+00   1.5000000e+00
   5.9200000e+02   1.5000626e+00   1.5000000e+00
   5.9300000e+02   1.4999047e+00   1.5000000e+00
   5.9400000e+02   1.4999047e+00   1.4997946e+00
   5.9500000e+02   1.5001099e+00   1.5000000e+00
   5.9600000e+02   1.5000623e+00   1.5000000e+00
   5.9700000e+02   1.4999053e+00   1.5000000e+00
   5.9800000e+02   1.4999053e+00   1.4997959e+00
   5.9900000e+02   1.5001092e+00   1.5000000e+00
   6.0000000e+02   1.5000619e+00   1.5000000e+00
   6.0100000e+02   1.4999060e+00   1.5000000e+00
   6.0200000e+02   1.4999060e+00   1.4997973e+00
   6.0300000e+02   1.5001085e+00   1.5000000e+00
   6.0400000e+02   1.5000615e+00   1.5000000e+00
   6.0500000e+02   1.4999066e+00   1.5000000e+00
   6.0600000e+02   1.4999066e+00   1.4997986e+00
   6.0700000e+02   1.5001078e+00   1.5000000e+00
   6.0800000e+02   1.5000611e+00   1.5000000e+00
   6.0900000e+02   1.4999073e+00   1.5000000e+00
   6.1000000e+02   1.4999073e+00   1.4997999e+00
   6.1100000e+02   1.5001072e+00   1.5000000e+00
   6.1200000e+02   1.5000608e+00   1.5000000e+00
   6.1300000e+02   1.4999079e+00   1.5000000e+00
   6.1400000e+02   1.4999079e+00   1.4998012e+00
   6.1500000e+02   1.5001065e+00   1.5000000e+00
   6.1600000e+02   1.5000604e+00   1.5000000e+00
   6.1700000e+02   1.4999085e+00   1.5000000e+00
   6.1800000e+02   1.4999085e+00   1.4998025e+00
   6.1900000e+02   1.5001059e+00   1.5000000e+00
   6.2000000e+02   1.5000600e+00   1.5000000e+00
   6.2100000e+02   1.4999091e+00   1.5000000e+00
   6.2200000e+02   1.4999091e+00   1.4998038e+00
   6.2300000e+02   1.5001052e+00   1.5000000e+00
   6.2400000e+02   1.5000597e+00   1.5000000e+00
   6.2500000e+02   1.4999098e+00   1.5000000e+00
   6.2600000e+02   1.4999098e+00   1.4998050e+00
   6.2700000e+02   1.5001046e+00   1.5000000e+00
   6.2800000e+02   1.5000593e+00   1.5000000e+00
   6.2900000e+02   1.4999103e+00   1.5000000e+00
   6.3000000e+02   1.4999103e+00   1.4998062e+00
   6.3100000e+02   1.5001039e+00   1.5000000e+00
   6.3200000e+02   1.5000590e+00   1.5000000e+00
   6.3300000e+02   1.4999109e+00   1.5000000e+00
   6.3400000e+02   1.4999109e+00   1.4998075e+00
   6.3500000e+02   1.5001033e+00   1.5000000e+00
   6.3600000e+02   1.5000586e+00   1.5000000e+00
   6.3700000e+02   1.4999115e+00   1.5000000e+00
   6.3800000e+02   1.4999115e+00   1.4998087e+00
   6.3900000e+02   1.5001027e+00   1.5000000e+00
   6.4000000e+02   1.5000583e+00   1.5000000e+00
   6.4100000e+02   1.4999121e+00   1.5000000e+00
   6.4200000e+02   1.4999121e+00   1.4998098e+00
   6.4300000e+02   1.5001021e+00   1.5000000e+00
   6.4400000e+02   1.5000580e+00   1.5000000e+00
   6.4500000e+02   1.4999127e+00   1.5000000e+00
   6.4600000e+02   1.4999127e+00   1.4998110e+00
   6.4700000e+02   1.5001015e+00   1.5000000e+00
   6.4800000e+02   1.5000576e+00   1.5000000e+00
   6.4900000e+02   1.4999132e+00   1.5000000e+00
   6.5000000e+02   1.4999132e+00   1.4998122e+00
   6.5100000e+02   1.5001009e+00   1.5000000e+00
   6.5200000e+02   1.5000573e+00   1.5000000e+00
   6.5300000e+02   1.4999138e+00   1.5000000e+00
   6.5400000e+02   1.4999138e+00   1.4998133e+00
   6.5500000e+02   1.5001003e+00   1.5000000e+00
   6.5600000e+02   1.5000570e+00   1.5000000e+00
   6.5700000e+02   1.4999143e+00   1.5000000e+00
   6.5800000e+02   1.4999143e+00   1.4998144e+00
   6.5900000e+02   1.5000997e+00   1.5000000e+00
   6.6000000e+02   1.5000567e+00   1.5000000e+00
   6.6100000e+02   1.4999149e+00   1.5000000e+00
   6.6200000e+02   1.4999149e+00   1.4998156e+00
   6.6300000e+02   1.5000992e+00   1.5000000e+00
   6.6400000e+02   1.5000564e+00   1.5000000e+00
   6.6500000e+02   1.4999154e+00   1.5000000e+00
   6.6600000e+02   1.4999154e+00   1.4998167e+00
   6.6700000e+02   1.5000986e+00   1.5000000e+00
   6.6800000e+02   1.5000560e+00   1.5000000e+00
   6.6900000e+02   1.4999159e+00   1.5000000e+00
   6.7000000e+02   1.4999159e+00   1.4998177e+00
   6.7100000e+02   1.5000980e+00   1.5000000e+00
   6.7200000e+02   1.5000557e+00   1.5000000e+00
   6.7300000e+02   1.4999164e+00   1.5000000e+00
   6.7400000e+02   1.4999164e+00   1.4998188e+00
   6.7500000e+02   1.5000975e+00   1.5000000e+00
   6.7600000e+02   1.5000554e+00   1.5000000e+00
   6.7700000e+02   1.4999170e+00   1.5000000e+00
   6.7800000e+02   1.4999170e+00   1.4998199e+00
   6.7900000e+02   1.5000969e+00   1.5000000e+00
   6.8000000e+02   1.5000551e+00   1.5000000e+00
   6.8100000e+02   1.4999175e+00   1.5000000e+00
   6.8200000e+02   1.4999175e+00   1.4998209e+00
   6.8300000e+02   1.5000964e+00   1.5000000e+00
   6.8400000e+02   1.5000548e+00   1.5000000e+00
   6.8500000e+02   1.4999180e+00   1.5000000e+00
   6.8600000e+02   1.4999180e+00   1.4998220e+00
   6.8700000e+02   1.5000959e+00   1.5000000e+00
   6.8800000e+02   1.5000545e+00   1.5000000e+00
   6.8900000e+02   1.4999185e+00   1.5000000e+00
   6.9000000e+02   1.4999185e+00   1.4998230e+00
   6.9100000e+02   1.5000953e+00   1.5000000e+00
   6.9200000e+02   1.5000543e+00   1.5000000e+00
   6.9300000e+02   1.4999190e+00   1.5000000e+00
   6.9400000e+02   1.4999190e+00   1.4998240e+00
   6.9500000e+02   1.5000948e+00   1.5000000e+00
   6.9600000e+02   1.5000540e+00   1.5000000e+00
   6.9700000e+02   1.4999195e+00   1.5000000e+00
   6.9800000e+02   1.4999195e+00   1.4998250e+00
   6.9900000e+02   1.5000943e+00   1.5000000e+00
   7.0000000e+02   1.5000537e+00   1.5000000e+00
   7.0100000e+02   1.4999199e+00   1.5000000e+00
   7.0200000e+02   1.4999199e+00   1.4998260e+00
   7.0300000e+02   1.5000938e+00   1.5000000e+00
   7.0400000e+02   1.5000534e+00   1.5000000e+00
   7.0500000e+02   1.4999204e+00   1.5000000e+00
   7.0600000e+02   1.4999204e+00   1.4998270e+00
   7.0700000e+02   1.5000933e+00   1.5000000e+00
   7.0800000e+02   1.5000531e+00   1.5000000e+00
   7.0900000e+02   1.4999209e+00   1.5000000e+00
   7.1000000e+02   1.4999209e+00   1.4998280e+00
   7.1100000e+02   1.5000928e+00   1.5000000e+00
   7.1200000e+02   1.5000529e+00   1.5000000e+00
   7.1300000e+02   1.4999213e+00   1.5000000e+00
   7.1400000e+02   1.4999213e+00   1.4998289e+00
   7.1500000e+02   1.5000923e+00   1.5000000e+00
   7.1600000e+02   1.5000526e+00   1.5000000e+00
   7.1700000e+02   1.4999218e+00   1.5000000e+00
   7.1800000e+02   1.4999218e+00   1.4998299e+00
   7.1900000e+02   1.5000918e+00   1.5000000e+00
   7.2000000e+02   1.5000523e+00   1.5000000e+00
   7.2100000e+02   1.4999223e+00   1.5000000e+00
   7.2200000e+02   1.4999223e+00   1.4998308e+00
   7.2300000e+02   1.5000913e+00   1.5000000e+00
   7.2400000e+02   1.5000521e+00   1.5000000e+00
   7.2500000e+02   1.4999227e+00   1.5000000e+00
   7.2600000e+02   1.4999227e+00   1.4998317e+00
   7.2700000e+02   1.5000908e+00   1.5000000e+00
   7.2800000e+02   1.5000518e+00   1.5000000e+00
   7.2900000e+02   1.4999231e+00   1.5000000e+00
   7.3000000e+02   1.4999231e+00   1.4998326e+00
   7.3100000e+02   1.5000904e+00   1.5000000e+00
   7.3200000e+02   1.5000515e+00   1.5000000e+00
   7.3300000e+02   1.4999236e+00   1.5000000e+00
   7.3400000e+02   1.4999236e+00   1.4998336e+00
   7.3500000e+02   1.5000899e+00   1.5000000e+00
   7.3600000e+02   1.5000513e+00   1.5000000e+00
   7.3700000e+02   1.4999240e+00   1.5000000e+00
   7.3800000e+02   1.4999240e+00   1.4998344e+00
   7.3900000e+02   1.5000894e+00   1.5000000e+00
   7.4000000e+02   1.5000510e+00   1.5000000e+00
   7.4100000e+02   1.4999244e+00   1.5000000e+00
   7.4200000e+02   1.4999244e+00   1.4998353e+00
   7.4300000e+02   1.5000890e+00   1.5000000e+00
   7.4400000e+02   1.5000508e+00   1.5000000e+00
   7.4500000e+02   1.4999249e+00   1.5000000e+00
   7.4600000e+02   1.4999249e+00   1.4998362e+00
   7.4700000e+02   1.5000885e+00   1.5000000e+00
   7.4800000e+02   1.5000505e+00   1.5000000e+00
   7.4900000e+02   1.4999253e+00   1.5000000e+00
   7.5000000e+02   1.4999253e+00   1.4998371e+00
   7.5100000e+02   1.5000881e+00   1.5000000e+00
   7.5200000e+02   1.5000503e+00   1.5000000e+00
   7.5300000e+02   1.4999257e+00   1.5000000e+00
   7.5400000e+02   1.4999257e+00   1.4998379e+00
   7.5500000e+02   1.5000876e+00   1.5000000e+00
   7.5600000e+02   1.5000500e+00   1.5000000e+00
   7.5700000e+02   1.4999261e+00   1.5000000e+00
   7.5800000e+02   1.4999261e+00   1.4998388e+00
   7.5900000e+02   1.5000872e+00   1.5000000e+00
   7.6000000e+02   1.5000498e+00   1.5000000e+00
   7.6100000e+02   1.4999265e+00   1.5000000e+00
   7.6200000e+02   1.4999265e+00   1.4998396e+00
   7.6300000e+02   1.5000868e+00   1.5000000e+00
   7.6400000e+02   1.5000496e+00   1.5000000e+00
   7.6500000e+02   1.4999269e+00   1.5000000e+00
   7.6600000e+02   1.4999269e+00   1.4998405e+00
   7.6700000e+02   1.5000863e+00   1.5000000e+00
   7.6800000e+02   1.5000493e+00   1.5000000e+00
   7.6900000e+02   1.4999273e+00   1.5000000e+00
   7.7000000e+02   1.4999273e+00   1.4998413e+00
   7.7100000e+02   1.5000859e+00   1.5000000e+00
   7.7200000e+02   1.5000491e+00   1.5000000e+00
   7.7300000e+02   1.4999277e+00   1.5000000e+00
   7.7400000e+02   1.4999277e+00   1.4998421e+00
   7.7500000e+02   1.5000855e+00   1.5000000e+00
   7.7600000e+02   1.5000489e+00   1.5000000e+00
   7.7700000e+02   1.4999281e+00   1.5000000e+00
   7.7800000e+02   1.4999281e+00   1.4998429e+00
   7.7900000e+02   1.5000851e+00   1.5000000e+00
   7.8000000e+02   1.5000486e+00   1.5000000e+00
   7.8100000e+02   1.4999285e+00   1.5000000e+00
   7.8200000e+02   1.4999285e+00   1.4998437e+00
   7.8300000e+02   1.5000847e+00   1.5000000e+00
   7.8400000e+02   1.5000484e+00   1.5000000e+00
   7.8500000e+02   1.4999289e+00   1.5000000e+00
   7.8600000e+02   1.4999289e+00   1.4998445e+00
   7.8700000e+02   1.5000843e+00   1.5000000e+00
   7.8800000e+02   1.5000482e+00   1.5000000e+00
   7.8900000e+02   1.4999293e+00   1.5000000e+00
   7.9000000e+02   1.4999293e+00   1.4998453e+00
   7.9100000e+02   1.5000839e+00   1.5000000e+00
   7.9200000e+02   1.5000480e+00   1.5000000e+00
   7.9300000e+02   1.4999296e+00   1.5000000e+00
   7.9400000e+02   1.4999296e+00   1.4998461e+00
   7.9500000e+02   1.5000835e+00   1.5000000e+00
   7.9600000e+02   1.5000477e+00   1.5000000e+00
   7.9700000e+02   1.4999300e+00   1.5000000e+00
   7.9800000e+02   1.4999300e+00   1.4998468e+00
   7.9900000e+02   1.5000831e+00   1.5000000e+00
   8.0000000e+02   1.5000475e+00   1.5000000e+00
   8.0100000e+02   1.4999304e+00   1.5000000e+00
   8.0200000e+02   1.4999304e+00   1.4998476e+00
   8.0300000e+02   1.5000827e+00   1.5000000e+00
   8.0400000e+02   1.5000473e+00   1.5000000e+00
   8.0500000e+02   1.4999307e+00   1.5000000e+00
   8.0600000e+02   1.4999307e+00   1.4998483e+00
   8.0700000e+02   1.5000823e+00   1.5000000e+00
   8.0800000e+02   1.5000471e+00   1.5000000e+00
   8.0900000e+02   1.4999311e+00   1.5000000e+00
   8.1000000e+02   1.4999311e+00   1.4998491e+00
   8.1100000e+02   1.5000819e+00   1.5000000e+00
   8.1200000e+02   1.5000469e+00   1.5000000e+00
   8.1300000e+02   1.4999315e+00   1.5000000e+00
   8.1400000e+02   1.4999315e+00   1.4998498e+00
   8.1500000e+02   1.5000815e+00   1.5000000e+00
   8.1600000e+02   1.5000467e+00   1.5000000e+00
   8.1700000e+02   1.4999318e+00   1.5000000e+00
   8.1800000e+02   1.4999318e+00   1.4998506e+00
   8.1900000e+02   1.5000811e+00   1.5000000e+00
   8.2000000e+02   1.5000465e+00   1.5000000e+00
   8.2100000e+02   1.4999322e+00   1.5000000e+00
   8.2200000e+02   1.4999322e+00   1.4998513e+00
   8.2300000e+02   1.5000808e+00   1.5000000e+00
   8.2400000e+02   1.5000462e+00   1.5000000e+00
   8.2500000e+02   1.4999325e+00   1.5000000e+00
   8.2600000e+02   1.4999325e+00   1.4998520e+00
   8.2700000e+02   1.5000804e+00   1.5000000e+00
   8.2800000e+02   1.5000460e+00   1.5000000e+00
   8.2900000e+02   1.4999328e+00   1.5000000e+00
   8.3000000e+02   1.4999328e+00   1.4998527e+00
   8.3100000e+02   1.5000800e+00   1.5000000e+00
   8.3200000e+02   1.5000458e+00   1.5000000e+00
   8.3300000e+02   1.4999332e+00   1.5000000e+00
   8.3400000e+02   1.4999332e+00   1.4998534e+00
   8.3500000e+02   1.5000797e+00   1.5000000e+00
   8.3600000e+02   1.5000456e+00   1.5000000e+00
   8.3700000e+02   1.4999335e+00   1.5000000e+00
   8.3800000e+02   1.4999335e+00   1.4998541e+00
   8.3900000e+02   1.5000793e+00   1.5000000e+00
   8.4000000e+02   1.5000454e+00   1.5000000e+00
   8.4100000e+02   1.4999338e+00   1.5000000e+00
   8.4200000e+02   1.4999338e+00   1.4998548e+00
   8.4300000e+02   1.5000790e+00   1.5000000e+00
   8.4400000e+02   1.5000452e+00   1.5000000e+00
   8.4500000e+02   1.4999342e+00   1.5000000e+00
   8.4600000e+02   1.4999342e+00   1.4998555e+00
   8.4700000e+02   1.5000786e+00   1.5000000e+00
   8.4800000e+02   1.5000451e+00   1.5000000e+00
   8.4900000e+02   1.4999345e+00   1.5000000e+00
   8.5000000e+02   1.4999345e+00   1.4998562e+00
   8.5100000e+02   1.5000783e+00   1.5000000e+00
   8.5200000e+02   1.5000449e+00   1.5000000e+00
   8.5300000e+02   1.4999348e+00   1.5000000e+00
   8.5400000e+02   1.4999348e+00   1.4998568e+00
   8.5500000e+02   1.5000779e+00   1.5000000e+00
   8.5600000e+02   1.5000447e+00   1.5000000e+00
   8.5700000e+02   1.4999351e+00   1.5000000e+00
   8.5800000e+02   1.4999351e+00   1.4998575e+00
   8.5900000e+02   1.5000776e+00   1.5000000e+00
   8.6000000e+02   1.5000445e+00   1.5000000e+00
   8.6100000e+02   1.4999355e+00   1.5000000e+00
   8.6200000e+02   1.4999355e+00   1.4998582e+00
   8.6300000e+02   1.5000772e+00   1.5000000e+00
   8.6400000e+02   1.5000443e+00   1.5000000e+00
   8.6500000e+02   1.4999358e+00   1.5000000e+00
   8.6600000e+02   1.4999358e+00   1.4998588e+00
   8.6700000e+02   1.5000769e+00   1.5000000e+00
   8.6800000e+02   1.5000441e+00   1.5000000e+00
   8.6900000e+02   1.4999361e+00   1.5000000e+00
   8.7000000e+02   1.4999361e+00   1.4998595e+00
   8.7100000e+02   1.5000766e+00   1.5000000e+00
   8.7200000e+02   1.5000439e+00   1.5000000e+00
   8.7300000e+02   1.4999364e+00   1.5000000e+00
   8.7400000e+02   1.4999364e+00   1.4998601e+00
   8.7500000e+02   1.5000762e+00   1.5000000e+00
   8.7600000e+02   1.5000437e+00   1.5000000e+00
   8.7700000e+02   1.4999367e+00   1.5000000e+00
   8.7800000e+02   1.4999367e+00   1.4998607e+00
   8.7900000e+02   1.5000759e+00   1.5000000e+00
   8.8000000e+02   1.5000436e+00   1.5000000e+00
   8.8100000e+02   1.4999370e+00   1.5000000e+00
   8.8200000e+02   1.4999370e+00   1.4998614e+00
   8.8300000e+02   1.5000756e+00   1.5000000e+00
   8.8400000e+02   1.5000434e+00   1.5000000e+00
   8.8500000e+02   1.4999373e+00   1.5000000e+00
   8.8600000e+02   1.4999373e+00   1.4998620e+00
   8.8700000e+02   1.5000752e+00   1.5000000e+00
   8.8800000e+02   1.5000432e+00   1.5000000e+00
   8.8900000e+02   1.4999376e+00   1.5000000e+00
   8.9000000e+02   1.4999376e+00   1.4998626e+00
   8.9100000e+02   1.5000749e+00   1.5000000e+00
   8.9200000e+02   1.5000430e+00   1.5000000e+00
   8.9300000e+02   1.4999379e+00   1.5000000e+00
   8.9400000e+02   1.4999379e+00   1.4998632e+00
   8.9500000e+02   1.5000746e+00   1.5000000e+00
   8.9600000e+02   1.5000429e+00   1.5000000e+00
   8.9700000e+02   1.4999382e+00   1.5000000e+00
   8.9800000e+02   1.4999382e+00   1.4998638e+00
   8.9900000e+02   1.5000743e+00   1.5000000e+00
   9.0000000e+02   1.5000427e+00   1.5000000e+00
   9.0100000e+02   1.4999385e+00   1.5000000e+00
   9.0200000e+02   1.4999385e+00   1.4998644e+00
   9.0300000e+02   1.5000740e+00   1.5000000e+00
   9.0400000e+02   1.5000425e+00   1.5000000e+00
   9.0500000e+02   1.4999388e+00   1.5000000e+00
   9.0600000e+02   1.4999388e+00   1.4998650e+00
   9.0700000e+02   1.5000737e+00   1.5000000e+00
   9.0800000e+02   1.5000423e+00   1.5000000e+00
   9.0900000e+02   1.4999391e+00   1.5000000e+00
   9.1000000e+02   1.4999391e+00   1.4998656e+00
   9.1100000e+02   1.5000734e+00   1.5000000e+00
   9.1200000e+02   1.5000422e+00   1.5000000e+00
   9.1300000e+02   1.4999393e+00   1.5000000e+00
   9.1400000e+02   1.4999393e+00   1.4998662e+00
   9.1500000e+02   1.5000731e+00   1.5000000e+00
   9.1600000e+02   1.5000420e+00   1.5000000e+00
   9.1700000e+02   1.4999396e+00   1.5000000e+00
   9.1800000e+02   1.4999396e+00   1.4998668e+00
   9.1900000e+02   1.5000728e+00   1.5000000e+00
   9.2000000e+02   1.5000418e+00   1.5000000e+00
   9.2100000e+02   1.4999399e+00   1.5000000e+00
   9.2200000e+02   1.4999399e+00   1.4998673e+00
   9.2300000e+02   1.5000725e+00   1.5000000e+00
   9.2400000e+02   1.5000417e+00   1.5000000e+00
   9.2500000e+02   1.4999402e+00   1.5000000e+00
   9.2600000e+02   1.4999402e+00   1.4998679e+00
   9.2700000e+02   1.5000722e+00   1.5000000e+00
   9.2800000e+02   1.5000415e+00   1.5000000e+00
   9.2900000e+02   1.4999404e+00   1.5000000e+00
   9.3000000e+02   1.4999404e+00   1.4998685e+00
   9.3100000e+02   1.5000719e+00   1.5000000e+00
   9.3200000e+02   1.5000413e+00   1.5000000e+00
   9.3300000e+02   1.4999407e+00   1.5000000e+00
   9.3400000e+02   1.4999407e+00   1.4998690e+00
   9.3500000e+02   1.5000716e+00   1.5000000e+00
   9.3600000e+02   1.5000412e+00   1.5000000e+00
   9.3700000e+02   1.4999410e+00   1.5000000e+00
   9.3800000e+02   1.4999410e+00   1.4998696e+00
   9.3900000e+02   1.5000713e+00   1.5000000e+00
   9.4000000e+02   1.5000410e+00   1.5000000e+00
   9.4100000e+02   1.4999412e+00   1.5000000e+00
   9.4200000e+02   1.4999412e+00   1.4998701e+00
   9.4300000e+02   1.5000710e+00   1.5000000e+00
   9.4400000e+02   1.5000409e+00   1.5000000e+00
   9.4500000e+02   1.4999415e+00   1.5000000e+00
   9.4600000e+02   1.4999415e+00   1.4998707e+00
   9.4700000e+02   1.5000707e+00   1.5000000e+00
   9.4800000e+02   1.5000407e+00   1.5000000e+00
   9.4900000e+02   1.4999418e+00   1.5000000e+00
   9.5000000e+02   1.4999418e+00   1.4998712e+00
   9.5100000e+02   1.5000705e+00   1.5000000e+00
   9.5200000e+02   1.5000406e+00   1.5000000e+00
   9.5300000e+02   1.4999420e+00   1.5000000e+00
   9.5400000e+02   1.4999420e+00   1.4998718e+00
   9.5500000e+02   1.5000702e+00   1.5000000e+00
   9.5600000e+02   1.5000404e+00   1.5000000e+00
   9.5700000e+02   1.4999423e+00   1.5000000e+00
   9.5800000e+02   1.4999423e+00   1.4998723e+00
   9.5900000e+02   1.5000699e+00   1.5000000e+00
   9.6000000e+02   1.5000403e+00   1.5000000e+00
   9.6100000e+02   1.4999425e+00   1.5000000e+00
   9.6200000e+02   1.4999425e+00   1.4998728e+00
   9.6300000e+02   1.5000696e+00   1.5000000e+00
   9.6400000e+02   1.5000401e+00   1.5000000e+00
   9.6500000e+02   1.4999428e+00   1.5000000e+00
   9.6600000e+02   1.4999428e+00   1.4998734e+00
   9.6700000e+02   1.5000694e+00   1.5000000e+00
   9.6800000e+02   1.5000400e+00   1.5000000e+00
   9.6900000e+02   1.4999430e+00   1.5000000e+00
   9.7000000e+02   1.4999430e+00   1.4998739e+00
   9.7100000e+02   1.5000691e+00   1.5000000e+00
   9.7200000e+02   1.5000398e+00   1.5000000e+00
   9.7300000e+02   1.4999433e+00   1.5000000e+00
   9.7400000e+02   1.4999433e+00   1.4998744e+00
   9.7500000e+02   1.5000688e+00   1.5000000e+00
   9.7600000e+02   1.5000397e+00   1.5000000e+00
   9.7700000e+02   1.4999435e+00   1.5000000e+00
   9.7800000e+02   1.4999435e+00   1.4998749e+00
   9.7900000e+02   1.5000686e+00   1.5000000e+00
   9.8000000e+02   1.5000395e+00   1.5000000e+00
   9.8100000e+02   1.4999438e+00   1.5000000e+00
   9.8200000e+02   1.4999438e+00   1.4998754e+00
   9.8300000e+02   1.5000683e+00   1.5000000e+00
   9.8400000e+02   1.5000394e+00   1.5000000e+00
   9.8500000e+02   1.4999440e+00   1.5000000e+00
   9.8600000e+02   1.4999440e+00   1.4998759e+00
   9.8700000e+02   1.5000680e+00   1.5000000e+00
   9.8800000e+02   1.5000392e+00   1.5000000e+00
   9.8900000e+02   1.4999443e+00   1.5000000e+00
   9.9000000e+02   1.4999443e+00   1.4998764e+00
   9.9100000e+02   1.5000678e+00   1.5000000e+00
   9.9200000e+02   1.5000391e+00   1.5000000e+00
   9.9300000e+02   1.4999445e+00   1.5000000e+00
   9.9400000e+02   1.4999445e+00   1.4998769e+00
   9.9500000e+02   1.5000675e+00   1.5000000e+00
   9.9600000e+02   1.5000389e+00   1.5000000e+00
   9.9700000e+02   1.4999447e+00   1.5000000e+00
   9.9800000e+02   1.4999447e+00   1.4998774e+00
   9.9900000e+02   1.5000673e+00   1.5000000e+00
   1.0000000e+03   1.5000388e+00   1.5000000e+00
