   1.0000000e+00   1.0000000e+00   1.0000000e+00   1.0000000e+00   1.0000000e+00
   2.0000000e+00   4.8033215e-01   4.8849371e-01   4.9847556e-01   6.0300440e-01
   3.0000000e+00   3.1607707e-01   3.2328559e-01   3.3196925e-01   4.3076541e-01
   4.0000000e+00   2.3553364e-01   2.4159692e-01   2.4884521e-01   3.3484046e-01
   5.0000000e+00   1.8770281e-01   1.9286729e-01   1.9901260e-01   2.7378162e-01
   6.0000000e+00   1.5601930e-01   1.6049689e-01   1.6580840e-01   2.3152567e-01
   7.0000000e+00   1.3348718e-01   1.3743136e-01   1.4209974e-01   2.0055471e-01
   8.0000000e+00   1.1664190e-01   1.2016268e-01   1.2432298e-01   1.7688434e-01
   9.0000000e+00   1.0357176e-01   1.0674943e-01   1.1049942e-01   1.5820717e-01
   1.0000000e+01   9.3135589e-02   9.6030081e-02   9.9442346e-02   1.4309496e-01
   1.1000000e+01   8.4610051e-02   8.7267119e-02   9.0396824e-02   1.3061648e-01
   1.2000000e+01   7.7514455e-02   7.9969732e-02   8.2859697e-02   1.2013873e-01
   1.3000000e+01   7.1516883e-02   7.3798619e-02   7.6482703e-02   1.1121643e-01
   1.4000000e+01   6.6380765e-02   6.8511712e-02   7.1017127e-02   1.0352727e-01
   1.5000000e+01   6.1932936e-02   6.3931680e-02   6.6280609e-02   9.6832221e-02
   1.6000000e+01   5.8043728e-02   5.9925636e-02   6.2136394e-02   9.0950243e-02
   1.7000000e+01   5.4614120e-02   5.6392041e-02   5.8479919e-02   8.5741743e-02
   1.8000000e+01   5.1567190e-02   5.3251971e-02   5.5229864e-02   8.1097342e-02
   1.9000000e+01   4.8842271e-02   5.0443155e-02   5.2322038e-02   7.6930127e-02
   2.0000000e+01   4.6390880e-02   4.7915801e-02   4.9705087e-02   7.3170163e-02
   2.1000000e+01   4.4173799e-02   4.5629622e-02   4.7337447e-02   6.9760542e-02
   2.2000000e+01   4.2158967e-02   4.3551667e-02   4.5185111e-02   6.6654486e-02
   2.3000000e+01   4.0319916e-02   4.1654728e-02   4.3219987e-02   6.3813188e-02
   2.4000000e+01   3.8634604e-02   3.9916139e-02   4.1418667e-02   6.1204186e-02
   2.5000000e+01   3.7084527e-02   3.8316867e-02   3.9761490e-02   5.8800113e-02
   2.6000000e+01   3.5654034e-02   3.6840811e-02   3.8231820e-02   5.6577741e-02
   2.7000000e+01   3.4329802e-02   3.5474260e-02   3.6815486e-02   5.4517222e-02
   2.8000000e+01   3.3100414e-02   3.4205462e-02   3.5500343e-02   5.2601498e-02
   2.9000000e+01   3.1956033e-02   3.3024293e-02   3.4275919e-02   5.0815827e-02
   3.0000000e+01   3.0888138e-02   3.1921976e-02   3.3133141e-02   4.9147400e-02
   3.1000000e+01   2.9889307e-02   3.0890870e-02   3.2064106e-02   4.7585039e-02
   3.2000000e+01   2.8953052e-02   2.9924292e-02   3.1061899e-02   4.6118942e-02
   3.3000000e+01   2.8073670e-02   2.9016367e-02   3.0120444e-02   4.4740479e-02
   3.4000000e+01   2.7246131e-02   2.8161914e-02   2.9234380e-02   4.3442021e-02
   3.5000000e+01   2.6465983e-02   2.7356345e-02   2.8398956e-02   4.2216799e-02
   3.6000000e+01   2.5729268e-02   2.6595580e-02   2.7609954e-02   4.1058788e-02
   3.7000000e+01   2.5032457e-02   2.5875984e-02   2.6863608e-02   3.9962606e-02
   3.8000000e+01   2.4372393e-02   2.5194302e-02   2.6156550e-02   3.8923430e-02
   3.9000000e+01   2.3746245e-02   2.4547614e-02   2.5485758e-02   3.7936926e-02
   4.0000000e+01   2.3151463e-02   2.3933295e-02   2.4848510e-02   3.6999188e-02
   4.1000000e+01   2.2585749e-02   2.3348972e-02   2.4242353e-02   3.6106688e-02
   4.2000000e+01   2.2047022e-02   2.2792501e-02   2.3665065e-02   3.5256230e-02
   4.3000000e+01   2.1533396e-02   2.2261938e-02   2.3114631e-02   3.4444912e-02
   4.4000000e+01   2.1043157e-02   2.1755513e-02   2.2589221e-02   3.3670092e-02
   4.5000000e+01   2.0574744e-02   2.1271617e-02   2.2087166e-02   3.2929362e-02
   4.6000000e+01   2.0126730e-02   2.0808779e-02   2.1606942e-02   3.2220520e-02
   4.7000000e+01   1.9697811e-02   2.0365653e-02   2.1147156e-02   3.1541552e-02
   4.8000000e+01   1.9286791e-02   1.9941006e-02   2.0706531e-02   3.0890607e-02
   4.9000000e+01   1.8892574e-02   1.9533706e-02   2.0283893e-02   3.0265986e-02
   5.0000000e+01   1.8514150e-02   1.9142712e-02   1.9878162e-02   2.9666123e-02
   5.1000000e+01   1.8150588e-02   1.8767063e-02   1.9488344e-02   2.9089576e-02
   5.2000000e+01   1.7801029e-02   1.8405874e-02   1.9113522e-02   2.8535010e-02
   5.3000000e+01   1.7464680e-02   1.8058325e-02   1.8752845e-02   2.8001193e-02
   5.4000000e+01   1.7140806e-02   1.7723658e-02   1.8405528e-02   2.7486981e-02
   5.5000000e+01   1.6828726e-02   1.7401169e-02   1.8070843e-02   2.6991314e-02
   5.6000000e+01   1.6527806e-02   1.7090207e-02   1.7748112e-02   2.6513206e-02
   5.7000000e+01   1.6237459e-02   1.6790163e-02   1.7436706e-02   2.6051741e-02
   5.8000000e+01   1.5957137e-02   1.6500473e-02   1.7136039e-02   2.5606065e-02
   5.9000000e+01   1.5686330e-02   1.6220610e-02   1.6845566e-02   2.5175380e-02
   6.0000000e+01   1.5424561e-02   1.5950082e-02   1.6564776e-02   2.4758943e-02
   6.1000000e+01   1.5171385e-02   1.5688430e-02   1.6293193e-02   2.4356058e-02
   6.2000000e+01   1.4926386e-02   1.5435223e-02   1.6030372e-02   2.3966075e-02
   6.3000000e+01   1.4689174e-02   1.5190061e-02   1.5775896e-02   2.3588384e-02
   6.4000000e+01   1.4459384e-02   1.4952564e-02   1.5529372e-02   2.3222411e-02
   6.5000000e+01   1.4236673e-02   1.4722380e-02   1.5290435e-02   2.2867622e-02
   6.6000000e+01   1.4020718e-02   1.4499175e-02   1.5058739e-02   2.2523509e-02
   6.7000000e+01   1.3811217e-02   1.4282637e-02   1.4833960e-02   2.2189600e-02
   6.8000000e+01   1.3607884e-02   1.4072472e-02   1.4615792e-02   2.1865446e-02
   6.9000000e+01   1.3410452e-02   1.3868402e-02   1.4403949e-02   2.1550626e-02
   7.0000000e+01   1.3218667e-02   1.3670166e-02   1.4198159e-02   2.1244743e-02
   7.1000000e+01   1.3032290e-02   1.3477518e-02   1.3998167e-02   2.0947421e-02
   7.2000000e+01   1.2851095e-02   1.3290224e-02   1.3803730e-02   2.0658306e-02
   7.3000000e+01   1.2674870e-02   1.3108064e-02   1.3614621e-02   2.0377064e-02
   7.4000000e+01   1.2503412e-02   1.2930830e-02   1.3430624e-02   2.0103376e-02
   7.5000000e+01   1.2336532e-02   1.2758325e-02   1.3251533e-02   1.9836942e-02
   7.6000000e+01   1.2174047e-02   1.2590361e-02   1.3077156e-02   1.9577478e-02
   7.7000000e+01   1.2015787e-02   1.2426763e-02   1.2907309e-02   1.9324714e-02
   7.8000000e+01   1.1861589e-02   1.2267362e-02   1.2741816e-02   1.9078394e-02
   7.9000000e+01   1.1711298e-02   1.2111999e-02   1.2580514e-02   1.8838273e-02
   8.0000000e+01   1.1564768e-02   1.1960521e-02   1.2423245e-02   1.8604122e-02
   8.1000000e+01   1.1421860e-02   1.1812786e-02   1.2269859e-02   1.8375720e-02
   8.2000000e+01   1.1282440e-02   1.1668656e-02   1.2120215e-02   1.8152858e-02
   8.3000000e+01   1.1146383e-02   1.1528000e-02   1.1974177e-02   1.7935337e-02
   8.4000000e+01   1.1013568e-02   1.1390695e-02   1.1831616e-02   1.7722968e-02
   8.5000000e+01   1.0883882e-02   1.1256623e-02   1.1692410e-02   1.7515568e-02
   8.6000000e+01   1.0757213e-02   1.1125669e-02   1.1556442e-02   1.7312967e-02
   8.7000000e+01   1.0633460e-02   1.0997728e-02   1.1423599e-02   1.7114998e-02
   8.8000000e+01   1.0512521e-02   1.0872696e-02   1.1293776e-02   1.6921506e-02
   8.9000000e+01   1.0394302e-02   1.0750474e-02   1.1166870e-02   1.6732340e-02
   9.0000000e+01   1.0278713e-02   1.0630970e-02   1.1042785e-02   1.6547357e-02
   9.1000000e+01   1.0165666e-02   1.0514094e-02   1.0921427e-02   1.6366419e-02
   9.2000000e+01   1.0055078e-02   1.0399760e-02   1.0802707e-02   1.6189395e-02
   9.3000000e+01   9.9468711e-03   1.0287885e-02   1.0686541e-02   1.6016159e-02
   9.4000000e+01   9.8409680e-03   1.0178392e-02   1.0572847e-02   1.5846592e-02
   9.5000000e+01   9.7372963e-03   1.0071205e-02   1.0461546e-02   1.5680578e-02
   9.6000000e+01   9.6357861e-03   9.9662517e-03   1.0352564e-02   1.5518005e-02
   9.7000000e+01   9.5363705e-03   9.8634635e-03   1.0245829e-02   1.5358770e-02
   9.8000000e+01   9.4389853e-03   9.7627739e-03   1.0141273e-02   1.5202769e-02
   9.9000000e+01   9.3435691e-03   9.6641193e-03   1.0038829e-02   1.5049905e-02
   1.0000000e+02   9.2500626e-03   9.5674386e-03   9.9384345e-03   1.4900084e-02
   1.0100000e+02   9.1584092e-03   9.4726731e-03   9.8400278e-03   1.4753218e-02
   1.0200000e+02   9.0685542e-03   9.3797665e-03   9.7435508e-03   1.4609218e-02
   1.0300000e+02   8.9804452e-03   9.2886646e-03   9.6489472e-03   1.4468001e-02
   1.0400000e+02   8.8940319e-03   9.1993154e-03   9.5561631e-03   1.4329489e-02
   1.0500000e+02   8.8092657e-03   9.1116688e-03   9.4651463e-03   1.4193604e-02
   1.0600000e+02   8.7261000e-03   9.0256765e-03   9.3758470e-03   1.4060272e-02
   1.0700000e+02   8.6444900e-03   8.9412921e-03   9.2882170e-03   1.3929421e-02
   1.0800000e+02   8.5643922e-03   8.8584710e-03   9.2022098e-03   1.3800984e-02
   1.0900000e+02   8.4857652e-03   8.7771702e-03   9.1177808e-03   1.3674893e-02
   1.1000000e+02   8.4085688e-03   8.6973481e-03   9.0348870e-03   1.3551085e-02
   1.1100000e+02   8.3327642e-03   8.6189647e-03   8.9534868e-03   1.3429499e-02
   1.1200000e+02   8.2583142e-03   8.5419816e-03   8.8735403e-03   1.3310076e-02
   1.1300000e+02   8.1851828e-03   8.4663614e-03   8.7950089e-03   1.3192758e-02
   1.1400000e+02   8.1133353e-03   8.3920685e-03   8.7178553e-03   1.3077489e-02
   1.1500000e+02   8.0427381e-03   8.3190680e-03   8.6420436e-03   1.2964218e-02
   1.1600000e+02   7.9733588e-03   8.2473266e-03   8.5675390e-03   1.2852892e-02
   1.1700000e+02   7.9051664e-03   8.1768120e-03   8.4943081e-03   1.2743462e-02
   1.1800000e+02   7.8381304e-03   8.1074930e-03   8.4223185e-03   1.2635879e-02
   1.1900000e+02   7.7722219e-03   8.0393394e-03   8.3515388e-03   1.2530098e-02
   1.2000000e+02   7.7074125e-03   7.9723221e-03   8.2819389e-03   1.2426072e-02
   1.2100000e+02   7.6436750e-03   7.9064129e-03   8.2134894e-03   1.2323760e-02
   1.2200000e+02   7.5809830e-03   7.8415845e-03   8.1461621e-03   1.2223119e-02
   1.2300000e+02   7.5193110e-03   7.7778106e-03   8.0799297e-03   1.2124109e-02
   1.2400000e+02   7.4586344e-03   7.7150656e-03   8.0147655e-03   1.2026689e-02
   1.2500000e+02   7.3989292e-03   7.6533249e-03   7.9506441e-03   1.1930823e-02
   1.2600000e+02   7.3401722e-03   7.5925645e-03   7.8875405e-03   1.1836473e-02
   1.2700000e+02   7.2823411e-03   7.5327613e-03   7.8254307e-03   1.1743603e-02
   1.2800000e+02   7.2254141e-03   7.4738928e-03   7.7642914e-03   1.1652179e-02
   1.2900000e+02   7.1693703e-03   7.4159373e-03   7.7041000e-03   1.1562168e-02
   1.3000000e+02   7.1141892e-03   7.3588737e-03   7.6448348e-03   1.1473537e-02
   1.3100000e+02   7.0598510e-03   7.3026815e-03   7.5864743e-03   1.1386254e-02
   1.3200000e+02   7.0063366e-03   7.2473410e-03   7.5289982e-03   1.1300289e-02
   1.3300000e+02   6.9536274e-03   7.1928330e-03   7.4723864e-03   1.1215613e-02
   1.3400000e+02   6.9017053e-03   7.1391388e-03   7.4166196e-03   1.1132196e-02
   1.3500000e+02   6.8505529e-03   7.0862402e-03   7.3616791e-03   1.1050011e-02
   1.3600000e+02   6.8001531e-03   7.0341199e-03   7.3075465e-03   1.0969030e-02
   1.3700000e+02   6.7504895e-03   6.9827606e-03   7.2542042e-03   1.0889228e-02
   1.3800000e+02   6.7015461e-03   6.9321459e-03   7.2016350e-03   1.0810578e-02
   1.3900000e+02   6.6533072e-03   6.8822597e-03   7.1498223e-03   1.0733056e-02
   1.4000000e+02   6.6057579e-03   6.8330863e-03   7.0987497e-03   1.0656639e-02
   1.4100000e+02   6.5588834e-03   6.7846107e-03   7.0484017e-03   1.0581301e-02
   1.4200000e+02   6.5126694e-03   6.7368180e-03   6.9987628e-03   1.0507022e-02
   1.4300000e+02   6.4671022e-03   6.6896939e-03   6.9498181e-03   1.0433778e-02
   1.4400000e+02   6.4221681e-03   6.6432245e-03   6.9015533e-03   1.0361548e-02
   1.4500000e+02   6.3778542e-03   6.5973962e-03   6.8539543e-03   1.0290311e-02
   1.4600000e+02   6.3341476e-03   6.5521959e-03   6.8070073e-03   1.0220048e-02
   1.4700000e+02   6.2910359e-03   6.5076108e-03   6.7606991e-03   1.0150737e-02
   1.4800000e+02   6.2485072e-03   6.4636283e-03   6.7150167e-03   1.0082360e-02
   1.4900000e+02   6.2065496e-03   6.4202363e-03   6.6699475e-03   1.0014898e-02
   1.5000000e+02   6.1651517e-03   6.3774231e-03   6.6254792e-03   9.9483323e-03
   1.5100000e+02   6.1243024e-03   6.3351771e-03   6.5816000e-03   9.8826461e-03
   1.5200000e+02   6.0839909e-03   6.2934871e-03   6.5382981e-03   9.8178216e-03
   1.5300000e+02   6.0442065e-03   6.2523422e-03   6.4955623e-03   9.7538419e-03
   1.5400000e+02   6.0049391e-03   6.2117318e-03   6.4533816e-03   9.6906908e-03
   1.5500000e+02   5.9661787e-03   6.1716455e-03   6.4117451e-03   9.6283521e-03
   1.5600000e+02   5.9279154e-03   6.1320733e-03   6.3706425e-03   9.5668103e-03
   1.5700000e+02   5.8901397e-03   6.0930054e-03   6.3300634e-03   9.5060503e-03
   1.5800000e+02   5.8528425e-03   6.0544321e-03   6.2899981e-03   9.4460571e-03
   1.5900000e+02   5.8160146e-03   6.0163441e-03   6.2504367e-03   9.3868165e-03
   1.6000000e+02   5.7796473e-03   5.9787323e-03   6.2113699e-03   9.3283142e-03
   1.6100000e+02   5.7437320e-03   5.9415879e-03   6.1727884e-03   9.2705367e-03
   1.6200000e+02   5.7082603e-03   5.9049022e-03   6.1346833e-03   9.2134704e-03
   1.6300000e+02   5.6732240e-03   5.8686667e-03   6.0970457e-03   9.1571025e-03
   1.6400000e+02   5.6386152e-03   5.8328733e-03   6.0598671e-03   9.1014200e-03
   1.6500000e+02   5.6044261e-03   5.7975138e-03   6.0231392e-03   9.0464107e-03
   1.6600000e+02   5.5706491e-03   5.7625804e-03   5.9868538e-03   8.9920623e-03
   1.6700000e+02   5.5372768e-03   5.7280655e-03   5.9510029e-03   8.9383630e-03
   1.6800000e+02   5.5043020e-03   5.6939615e-03   5.9155789e-03   8.8853013e-03
   1.6900000e+02   5.4717176e-03   5.6602613e-03   5.8805742e-03   8.8328658e-03
   1.7000000e+02   5.4395166e-03   5.6269577e-03   5.8459812e-03   8.7810456e-03
   1.7100000e+02   5.4076925e-03   5.5940436e-03   5.8117929e-03   8.7298299e-03
   1.7200000e+02   5.3762386e-03   5.5615124e-03   5.7780021e-03   8.6792082e-03
   1.7300000e+02   5.3451485e-03   5.5293573e-03   5.7446020e-03   8.6291701e-03
   1.7400000e+02   5.3144159e-03   5.4975719e-03   5.7115858e-03   8.5797057e-03
   1.7500000e+02   5.2840346e-03   5.4661499e-03   5.6789470e-03   8.5308052e-03
   1.7600000e+02   5.2539988e-03   5.4350850e-03   5.6466790e-03   8.4824589e-03
   1.7700000e+02   5.2243025e-03   5.4043712e-03   5.6147757e-03   8.4346575e-03
   1.7800000e+02   5.1949400e-03   5.3740026e-03   5.5832309e-03   8.3873919e-03
   1.7900000e+02   5.1659057e-03   5.3439734e-03   5.5520385e-03   8.3406530e-03
   1.8000000e+02   5.1371941e-03   5.3142779e-03   5.5211927e-03   8.2944321e-03
   1.8100000e+02   5.1088000e-03   5.2849106e-03   5.4906878e-03   8.2487207e-03
   1.8200000e+02   5.0807180e-03   5.2558661e-03   5.4605181e-03   8.2035104e-03
   1.8300000e+02   5.0529430e-03   5.2271391e-03   5.4306782e-03   8.1587929e-03
   1.8400000e+02   5.0254700e-03   5.1987245e-03   5.4011626e-03   8.1145603e-03
   1.8500000e+02   4.9982942e-03   5.1706171e-03   5.3719661e-03   8.0708048e-03
   1.8600000e+02   4.9714107e-03   5.1428119e-03   5.3430835e-03   8.0275186e-03
   1.8700000e+02   4.9448149e-03   5.1153043e-03   5.3145099e-03   7.9846942e-03
   1.8800000e+02   4.9185021e-03   5.0880893e-03   5.2862402e-03   7.9423243e-03
   1.8900000e+02   4.8924678e-03   5.0611623e-03   5.2582697e-03   7.9004017e-03
   1.9000000e+02   4.8667077e-03   5.0345189e-03   5.2305937e-03   7.8589193e-03
   1.9100000e+02   4.8412175e-03   5.0081545e-03   5.2032075e-03   7.8178703e-03
   1.9200000e+02   4.8159929e-03   4.9820649e-03   5.1761065e-03   7.7772479e-03
   1.9300000e+02   4.7910298e-03   4.9562456e-03   5.1492864e-03   7.7370454e-03
   1.9400000e+02   4.7663241e-03   4.9306925e-03   5.1227428e-03   7.6972564e-03
   1.9500000e+02   4.7418719e-03   4.9054016e-03   5.0964714e-03   7.6578746e-03
   1.9600000e+02   4.7176693e-03   4.8803689e-03   5.0704682e-03   7.6188937e-03
   1.9700000e+02   4.6937126e-03   4.8555903e-03   5.0447289e-03   7.5803077e-03
   1.9800000e+02   4.6699979e-03   4.8310620e-03   5.0192496e-03   7.5421105e-03
   1.9900000e+02   4.6465216e-03   4.8067804e-03   4.9940264e-03   7.5042964e-03
   2.0000000e+02   4.6232802e-03   4.7827415e-03   4.9690555e-03   7.4668595e-03
   2.0100000e+02   4.6002702e-03   4.7589420e-03   4.9443330e-03   7.4297943e-03
   2.0200000e+02   4.5774880e-03   4.7353781e-03   4.9198553e-03   7.3930952e-03
   2.0300000e+02   4.5549304e-03   4.7120464e-03   4.8956188e-03   7.3567570e-03
   2.0400000e+02   4.5325940e-03   4.6889435e-03   4.8716199e-03   7.3207742e-03
   2.0500000e+02   4.5104756e-03   4.6660661e-03   4.8478552e-03   7.2851416e-03
   2.0600000e+02   4.4885721e-03   4.6434108e-03   4.8243211e-03   7.2498543e-03
   2.0700000e+02   4.4668802e-03   4.6209744e-03   4.8010145e-03   7.2149071e-03
   2.0800000e+02   4.4453970e-03   4.5987538e-03   4.7779320e-03   7.1802953e-03
   2.0900000e+02   4.4241195e-03   4.5767459e-03   4.7550704e-03   7.1460140e-03
   2.1000000e+02   4.4030446e-03   4.5549476e-03   4.7324265e-03   7.1120584e-03
   2.1100000e+02   4.3821696e-03   4.5333560e-03   4.7099972e-03   7.0784240e-03
   2.1200000e+02   4.3614916e-03   4.5119681e-03   4.6877796e-03   7.0451062e-03
   2.1300000e+02   4.3410079e-03   4.4907811e-03   4.6657705e-03   7.0121007e-03
   2.1400000e+02   4.3207156e-03   4.4697922e-03   4.6439672e-03   6.9794029e-03
   2.1500000e+02   4.3006122e-03   4.4489985e-03   4.6223667e-03   6.9470086e-03
   2.1600000e+02   4.2806950e-03   4.4283974e-03   4.6009662e-03   6.9149137e-03
   2.1700000e+02   4.2609614e-03   4.4079862e-03   4.5797630e-03   6.8831140e-03
   2.1800000e+02   4.2414089e-03   4.3877623e-03   4.5587543e-03   6.8516054e-03
   2.1900000e+02   4.2220350e-03   4.3677231e-03   4.5379374e-03   6.8203839e-03
   2.2000000e+02   4.2028374e-03   4.3478661e-03   4.5173098e-03   6.7894458e-03
   2.2100000e+02   4.1838135e-03   4.3281889e-03   4.4968689e-03   6.7587870e-03
   2.2200000e+02   4.1649610e-03   4.3086889e-03   4.4766121e-03   6.7284038e-03
   2.2300000e+02   4.1462778e-03   4.2893639e-03   4.4565370e-03   6.6982926e-03
   2.2400000e+02   4.1277613e-03   4.2702115e-03   4.4366412e-03   6.6684498e-03
   2.2500000e+02   4.1094095e-03   4.2512293e-03   4.4169222e-03   6.6388716e-03
   2.2600000e+02   4.0912202e-03   4.2324152e-03   4.3973778e-03   6.6095547e-03
   2.2700000e+02   4.0731912e-03   4.2137668e-03   4.3780055e-03   6.5804956e-03
   2.2800000e+02   4.0553204e-03   4.1952821e-03   4.3588032e-03   6.5516908e-03
   2.2900000e+02   4.0376057e-03   4.1769588e-03   4.3397686e-03   6.5231372e-03
   2.3000000e+02   4.0200451e-03   4.1587949e-03   4.3208995e-03   6.4948313e-03
   2.3100000e+02   4.0026366e-03   4.1407882e-03   4.3021938e-03   6.4667701e-03
   2.3200000e+02   3.9853783e-03   4.1229369e-03   4.2836493e-03   6.4389502e-03
   2.3300000e+02   3.9682681e-03   4.1052388e-03   4.2652640e-03   6.4113688e-03
   2.3400000e+02   3.9513042e-03   4.0876919e-03   4.2470359e-03   6.3840225e-03
   2.3500000e+02   3.9344847e-03   4.0702945e-03   4.2289629e-03   6.3569086e-03
   2.3600000e+02   3.9178078e-03   4.0530445e-03   4.2110431e-03   6.3300241e-03
   2.3700000e+02   3.9012717e-03   4.0359401e-03   4.1932745e-03   6.3033659e-03
   2.3800000e+02   3.8848746e-03   4.0189794e-03   4.1756552e-03   6.2769314e-03
   2.3900000e+02   3.8686147e-03   4.0021607e-03   4.1581833e-03   6.2507176e-03
   2.4000000e+02   3.8524904e-03   3.9854822e-03   4.1408571e-03   6.2247219e-03
   2.4100000e+02   3.8365000e-03   3.9689422e-03   4.1236747e-03   6.1989415e-03
   2.4200000e+02   3.8206417e-03   3.9525388e-03   4.1066342e-03   6.1733738e-03
   2.4300000e+02   3.8049140e-03   3.9362705e-03   4.0897340e-03   6.1480161e-03
   2.4400000e+02   3.7893152e-03   3.9201355e-03   4.0729724e-03   6.1228659e-03
   2.4500000e+02   3.7738439e-03   3.9041323e-03   4.0563476e-03   6.0979206e-03
   2.4600000e+02   3.7584983e-03   3.8882592e-03   4.0398579e-03   6.0731778e-03
   2.4700000e+02   3.7432771e-03   3.8725147e-03   4.0235018e-03   6.0486349e-03
   2.4800000e+02   3.7281786e-03   3.8568971e-03   4.0072776e-03   6.0242896e-03
   2.4900000e+02   3.7132014e-03   3.8414050e-03   3.9911837e-03   6.0001395e-03
   2.5000000e+02   3.6983441e-03   3.8260369e-03   3.9752185e-03   5.9761822e-03
