   1.0000000e+00   1.0000000e+00   1.0000000e+00   1.0000000e+00   1.0000000e+00
   2.0000000e+00   4.8033215e-01   7.7913688e-01   3.4986994e-01   5.3661623e-01
   3.0000000e+00   3.1607707e-01   5.8612454e-01   1.9628111e-01   3.6739677e-01
   4.0000000e+00   2.3553364e-01   4.6537576e-01   1.3271158e-01   2.7942618e-01
   5.0000000e+00   1.8770281e-01   3.8488639e-01   9.9030181e-02   2.2547471e-01
   6.0000000e+00   1.5601930e-01   3.2780645e-01   7.8493242e-02   1.8899615e-01
   7.0000000e+00   1.3348718e-01   2.8533670e-01   6.4782822e-02   1.6268187e-01
   8.0000000e+00   1.1664190e-01   2.5254652e-01   5.5032228e-02   1.4280184e-01
   9.0000000e+00   1.0357176e-01   2.2648319e-01   4.7767380e-02   1.2725265e-01
   1.0000000e+01   9.3135589e-02   2.0527783e-01   4.2158205e-02   1.1475783e-01
   1.1000000e+01   8.4610051e-02   1.8769241e-01   3.7703844e-02   1.0449774e-01
   1.2000000e+01   7.7514455e-02   1.7287532e-01   3.4085201e-02   9.5921977e-02
   1.3000000e+01   7.1516883e-02   1.6022200e-01   3.1089858e-02   8.8647200e-02
   1.4000000e+01   6.6380765e-02   1.4929160e-01   2.8571202e-02   8.2398199e-02
   1.5000000e+01   6.1932936e-02   1.3975519e-01   2.6424918e-02   7.6972284e-02
   1.6000000e+01   5.8043728e-02   1.3136246e-01   2.4574845e-02   7.2216871e-02
   1.7000000e+01   5.4614120e-02   1.2391955e-01   2.2964132e-02   6.8014899e-02
   1.8000000e+01   5.1567190e-02   1.1727402e-01   2.1549508e-02   6.4275058e-02
   1.9000000e+01   4.8842271e-02   1.1130437e-01   2.0297481e-02   6.0925080e-02
   2.0000000e+01   4.6390880e-02   1.0591256e-01   1.9181731e-02   5.7907021e-02
   2.1000000e+01   4.4173799e-02   1.0101864e-01   1.8181299e-02   5.5173875e-02
   2.2000000e+01   4.2158967e-02   9.6556718e-02   1.7279291e-02   5.2687115e-02
   2.3000000e+01   4.0319916e-02   9.2472057e-02   1.6461947e-02   5.0414859e-02
   2.4000000e+01   3.8634604e-02   8.8718776e-02   1.5717944e-02   4.8330500e-02
   2.5000000e+01   3.7084527e-02   8.5258141e-02   1.5037883e-02   4.6411657e-02
   2.6000000e+01   3.5654034e-02   8.2057225e-02   1.4413900e-02   4.4639365e-02
   2.7000000e+01   3.4329802e-02   7.9087862e-02   1.3839365e-02   4.2997454e-02
   2.8000000e+01   3.3100414e-02   7.6325813e-02   1.3308649e-02   4.1472046e-02
   2.9000000e+01   3.1956033e-02   7.3750107e-02   1.2816943e-02   4.0051165e-02
   3.0000000e+01   3.0888138e-02   7.1342508e-02   1.2360116e-02   3.8724424e-02
   3.1000000e+01   2.9889307e-02   6.9087085e-02   1.1934595e-02   3.7482765e-02
   3.2000000e+01   2.8953052e-02   6.6969855e-02   1.1537282e-02   3.6318260e-02
   3.3000000e+01   2.8073670e-02   6.4978500e-02   1.1165470e-02   3.5223933e-02
   3.4000000e+01   2.7246131e-02   6.3102121e-02   1.0816789e-02   3.4193625e-02
   3.5000000e+01   2.6465983e-02   6.1331041e-02   1.0489152e-02   3.3221880e-02
   3.6000000e+01   2.5729268e-02   5.9656642e-02   1.0180714e-02   3.2303841e-02
   3.7000000e+01   2.5032457e-02   5.8071219e-02   9.8898411e-03   3.1435176e-02
   3.8000000e+01   2.4372393e-02   5.6567865e-02   9.6150782e-03   3.0612005e-02
   3.9000000e+01   2.3746245e-02   5.5140369e-02   9.3551264e-03   2.9830847e-02
   4.0000000e+01   2.3151463e-02   5.3783132e-02   9.1088225e-03   2.9088565e-02
   4.1000000e+01   2.2585749e-02   5.2491094e-02   8.8751215e-03   2.8382326e-02
   4.2000000e+01   2.2047022e-02   5.1259666e-02   8.6530826e-03   2.7709569e-02
   4.3000000e+01   2.1533396e-02   5.0084682e-02   8.4418558e-03   2.7067967e-02
   4.4000000e+01   2.1043157e-02   4.8962349e-02   8.2406720e-03   2.6455404e-02
   4.5000000e+01   2.0574744e-02   4.7889207e-02   8.0488328e-03   2.5869954e-02
   4.6000000e+01   2.0126730e-02   4.6862091e-02   7.8657033e-03   2.5309855e-02
   4.7000000e+01   1.9697811e-02   4.5878102e-02   7.6907046e-03   2.4773494e-02
   4.8000000e+01   1.9286791e-02   4.4934581e-02   7.5233079e-03   2.4259396e-02
   4.9000000e+01   1.8892574e-02   4.4029082e-02   7.3630293e-03   2.3766200e-02
   5.0000000e+01   1.8514150e-02   4.3159352e-02   7.2094249e-03   2.3292659e-02
   5.1000000e+01   1.8150588e-02   4.2323313e-02   7.0620871e-03   2.2837620e-02
   5.2000000e+01   1.7801029e-02   4.1519044e-02   6.9206406e-03   2.2400019e-02
   5.3000000e+01   1.7464680e-02   4.0744769e-02   6.7847396e-03   2.1978873e-02
   5.4000000e+01   1.7140806e-02   3.9998842e-02   6.6540646e-03   2.1573271e-02
   5.5000000e+01   1.6828726e-02   3.9279732e-02   6.5283204e-03   2.1182368e-02
   5.6000000e+01   1.6527806e-02   3.8586020e-02   6.4072334e-03   2.0805380e-02
   5.7000000e+01   1.6237459e-02   3.7916383e-02   6.2905499e-03   2.0441575e-02
   5.8000000e+01   1.5957137e-02   3.7269590e-02   6.1780344e-03   2.0090275e-02
   5.9000000e+01   1.5686330e-02   3.6644492e-02   6.0694676e-03   1.9750846e-02
   6.0000000e+01   1.5424561e-02   3.6040015e-02   5.9646457e-03   1.9422695e-02
   6.1000000e+01   1.5171385e-02   3.5455155e-02   5.8633782e-03   1.9105271e-02
   6.2000000e+01   1.4926386e-02   3.4888973e-02   5.7654877e-03   1.8798055e-02
   6.3000000e+01   1.4689174e-02   3.4340588e-02   5.6708082e-03   1.8500563e-02
   6.4000000e+01   1.4459384e-02   3.3809174e-02   5.5791844e-03   1.8212340e-02
   6.5000000e+01   1.4236673e-02   3.3293956e-02   5.4904709e-03   1.7932960e-02
   6.6000000e+01   1.4020718e-02   3.2794203e-02   5.4045314e-03   1.7662022e-02
   6.7000000e+01   1.3811217e-02   3.2309231e-02   5.3212378e-03   1.7399149e-02
   6.8000000e+01   1.3607884e-02   3.1838392e-02   5.2404700e-03   1.7143987e-02
   6.9000000e+01   1.3410452e-02   3.1381078e-02   5.1621148e-03   1.6896200e-02
   7.0000000e+01   1.3218667e-02   3.0936715e-02   5.0860660e-03   1.6655474e-02
   7.1000000e+01   1.3032290e-02   3.0504760e-02   5.0122232e-03   1.6421511e-02
   7.2000000e+01   1.2851095e-02   3.0084701e-02   4.9404918e-03   1.6194030e-02
   7.3000000e+01   1.2674870e-02   2.9676053e-02   4.8707827e-03   1.5972765e-02
   7.4000000e+01   1.2503412e-02   2.9278356e-02   4.8030117e-03   1.5757466e-02
   7.5000000e+01   1.2336532e-02   2.8891178e-02   4.7370990e-03   1.5547893e-02
   7.6000000e+01   1.2174047e-02   2.8514105e-02   4.6729694e-03   1.5343822e-02
   7.7000000e+01   1.2015787e-02   2.8146748e-02   4.6105514e-03   1.5145038e-02
   7.8000000e+01   1.1861589e-02   2.7788736e-02   4.5497776e-03   1.4951339e-02
   7.9000000e+01   1.1711298e-02   2.7439716e-02   4.4905839e-03   1.4762532e-02
   8.0000000e+01   1.1564768e-02   2.7099354e-02   4.4329094e-03   1.4578434e-02
   8.1000000e+01   1.1421860e-02   2.6767332e-02   4.3766965e-03   1.4398872e-02
   8.2000000e+01   1.1282440e-02   2.6443348e-02   4.3218903e-03   1.4223679e-02
   8.3000000e+01   1.1146383e-02   2.6127111e-02   4.2684388e-03   1.4052698e-02
   8.4000000e+01   1.1013568e-02   2.5818349e-02   4.2162923e-03   1.3885778e-02
   8.5000000e+01   1.0883882e-02   2.5516800e-02   4.1654037e-03   1.3722778e-02
   8.6000000e+01   1.0757213e-02   2.5222212e-02   4.1157280e-03   1.3563560e-02
   8.7000000e+01   1.0633460e-02   2.4934349e-02   4.0672223e-03   1.3407994e-02
   8.8000000e+01   1.0512521e-02   2.4652982e-02   4.0198460e-03   1.3255957e-02
   8.9000000e+01   1.0394302e-02   2.4377894e-02   3.9735599e-03   1.3107328e-02
   9.0000000e+01   1.0278713e-02   2.4108877e-02   3.9283270e-03   1.2961996e-02
   9.1000000e+01   1.0165666e-02   2.3845732e-02   3.8841117e-03   1.2819851e-02
   9.2000000e+01   1.0055078e-02   2.3588270e-02   3.8408800e-03   1.2680790e-02
   9.3000000e+01   9.9468711e-03   2.3336307e-02   3.7985995e-03   1.2544713e-02
   9.4000000e+01   9.8409680e-03   2.3089671e-02   3.7572392e-03   1.2411526e-02
   9.5000000e+01   9.7372963e-03   2.2848193e-02   3.7167694e-03   1.2281138e-02
   9.6000000e+01   9.6357861e-03   2.2611713e-02   3.6771617e-03   1.2153460e-02
   9.7000000e+01   9.5363705e-03   2.2380078e-02   3.6383887e-03   1.2028410e-02
   9.8000000e+01   9.4389853e-03   2.2153141e-02   3.6004245e-03   1.1905907e-02
   9.9000000e+01   9.3435691e-03   2.1930760e-02   3.5632439e-03   1.1785874e-02
   1.0000000e+02   9.2500626e-03   2.1712799e-02   3.5268229e-03   1.1668237e-02
   1.0100000e+02   9.1584092e-03   2.1499127e-02   3.4911387e-03   1.1552925e-02
   1.0200000e+02   9.0685542e-03   2.1289620e-02   3.4561689e-03   1.1439871e-02
   1.0300000e+02   8.9804452e-03   2.1084157e-02   3.4218924e-03   1.1329007e-02
   1.0400000e+02   8.8940319e-03   2.0882622e-02   3.3882888e-03   1.1220272e-02
   1.0500000e+02   8.8092657e-03   2.0684902e-02   3.3553384e-03   1.1113604e-02
   1.0600000e+02   8.7261000e-03   2.0490892e-02   3.3230225e-03   1.1008945e-02
   1.0700000e+02   8.6444900e-03   2.0300487e-02   3.2913228e-03   1.0906238e-02
   1.0800000e+02   8.5643922e-03   2.0113588e-02   3.2602219e-03   1.0805431e-02
   1.0900000e+02   8.4857652e-03   1.9930098e-02   3.2297031e-03   1.0706470e-02
   1.1000000e+02   8.4085688e-03   1.9749927e-02   3.1997500e-03   1.0609305e-02
   1.1100000e+02   8.3327642e-03   1.9572983e-02   3.1703472e-03   1.0513888e-02
   1.1200000e+02   8.2583142e-03   1.9399182e-02   3.1414797e-03   1.0420172e-02
   1.1300000e+02   8.1851828e-03   1.9228440e-02   3.1131329e-03   1.0328112e-02
   1.1400000e+02   8.1133353e-03   1.9060678e-02   3.0852929e-03   1.0237664e-02
   1.1500000e+02   8.0427381e-03   1.8895817e-02   3.0579462e-03   1.0148787e-02
   1.1600000e+02   7.9733588e-03   1.8733784e-02   3.0310798e-03   1.0061439e-02
   1.1700000e+02   7.9051664e-03   1.8574506e-02   3.0046812e-03   9.9755825e-03
   1.1800000e+02   7.8381304e-03   1.8417914e-02   2.9787384e-03   9.8911786e-03
   1.1900000e+02   7.7722219e-03   1.8263940e-02   2.9532395e-03   9.8081911e-03
   1.2000000e+02   7.7074125e-03   1.8112518e-02   2.9281733e-03   9.7265846e-03
   1.2100000e+02   7.6436750e-03   1.7963587e-02   2.9035289e-03   9.6463248e-03
   1.2200000e+02   7.5809830e-03   1.7817085e-02   2.8792957e-03   9.5673787e-03
   1.2300000e+02   7.5193110e-03   1.7672954e-02   2.8554635e-03   9.4897143e-03
   1.2400000e+02   7.4586344e-03   1.7531135e-02   2.8320224e-03   9.4133007e-03
   1.2500000e+02   7.3989292e-03   1.7391574e-02   2.8089630e-03   9.3381078e-03
   1.2600000e+02   7.3401722e-03   1.7254218e-02   2.7862760e-03   9.2641068e-03
   1.2700000e+02   7.2823411e-03   1.7119015e-02   2.7639523e-03   9.1912693e-03
   1.2800000e+02   7.2254141e-03   1.6985913e-02   2.7419834e-03   9.1195683e-03
   1.2900000e+02   7.1693703e-03   1.6854866e-02   2.7203609e-03   9.0489772e-03
   1.3000000e+02   7.1141892e-03   1.6725825e-02   2.6990766e-03   8.9794707e-03
   1.3100000e+02   7.0598510e-03   1.6598745e-02   2.6781227e-03   8.9110237e-03
   1.3200000e+02   7.0063366e-03   1.6473581e-02   2.6574915e-03   8.8436124e-03
   1.3300000e+02   6.9536274e-03   1.6350291e-02   2.6371757e-03   8.7772133e-03
   1.3400000e+02   6.9017053e-03   1.6228832e-02   2.6171681e-03   8.7118039e-03
   1.3500000e+02   6.8505529e-03   1.6109165e-02   2.5974616e-03   8.6473621e-03
   1.3600000e+02   6.8001531e-03   1.5991250e-02   2.5780497e-03   8.5838667e-03
   1.3700000e+02   6.7504895e-03   1.5875048e-02   2.5589256e-03   8.5212970e-03
   1.3800000e+02   6.7015461e-03   1.5760523e-02   2.5400831e-03   8.4596328e-03
   1.3900000e+02   6.6533072e-03   1.5647638e-02   2.5215160e-03   8.3988547e-03
   1.4000000e+02   6.6057579e-03   1.5536359e-02   2.5032183e-03   8.3389437e-03
   1.4100000e+02   6.5588834e-03   1.5426651e-02   2.4851842e-03   8.2798814e-03
   1.4200000e+02   6.5126694e-03   1.5318482e-02   2.4674079e-03   8.2216498e-03
   1.4300000e+02   6.4671022e-03   1.5211819e-02   2.4498842e-03   8.1642315e-03
   1.4400000e+02   6.4221681e-03   1.5106632e-02   2.4326075e-03   8.1076097e-03
   1.4500000e+02   6.3778542e-03   1.5002889e-02   2.4155727e-03   8.0517679e-03
   1.4600000e+02   6.3341476e-03   1.4900561e-02   2.3987747e-03   7.9966900e-03
   1.4700000e+02   6.2910359e-03   1.4799619e-02   2.3822088e-03   7.9423606e-03
   1.4800000e+02   6.2485072e-03   1.4700036e-02   2.3658700e-03   7.8887644e-03
   1.4900000e+02   6.2065496e-03   1.4601784e-02   2.3497538e-03   7.8358866e-03
   1.5000000e+02   6.1651517e-03   1.4504837e-02   2.3338555e-03   7.7837131e-03
   1.5100000e+02   6.1243024e-03   1.4409169e-02   2.3181710e-03   7.7322297e-03
   1.5200000e+02   6.0839909e-03   1.4314754e-02   2.3026957e-03   7.6814229e-03
   1.5300000e+02   6.0442065e-03   1.4221569e-02   2.2874257e-03   7.6312794e-03
   1.5400000e+02   6.0049391e-03   1.4129588e-02   2.2723569e-03   7.5817863e-03
   1.5500000e+02   5.9661787e-03   1.4038791e-02   2.2574852e-03   7.5329311e-03
   1.5600000e+02   5.9279154e-03   1.3949152e-02   2.2428068e-03   7.4847015e-03
   1.5700000e+02   5.8901397e-03   1.3860651e-02   2.2283181e-03   7.4370855e-03
   1.5800000e+02   5.8528425e-03   1.3773266e-02   2.2140153e-03   7.3900715e-03
   1.5900000e+02   5.8160146e-03   1.3686976e-02   2.1998950e-03   7.3436482e-03
   1.6000000e+02   5.7796473e-03   1.3601760e-02   2.1859535e-03   7.2978045e-03
   1.6100000e+02   5.7437320e-03   1.3517599e-02   2.1721876e-03   7.2525296e-03
   1.6200000e+02   5.7082603e-03   1.3434472e-02   2.1585940e-03   7.2078131e-03
   1.6300000e+02   5.6732240e-03   1.3352362e-02   2.1451694e-03   7.1636445e-03
   1.6400000e+02   5.6386152e-03   1.3271250e-02   2.1319108e-03   7.1200140e-03
   1.6500000e+02   5.6044261e-03   1.3191117e-02   2.1188150e-03   7.0769118e-03
   1.6600000e+02   5.5706491e-03   1.3111946e-02   2.1058790e-03   7.0343282e-03
   1.6700000e+02   5.5372768e-03   1.3033720e-02   2.0931001e-03   6.9922541e-03
   1.6800000e+02   5.5043020e-03   1.2956421e-02   2.0804752e-03   6.9506802e-03
   1.6900000e+02   5.4717176e-03   1.2880034e-02   2.0680017e-03   6.9095979e-03
   1.7000000e+02   5.4395166e-03   1.2804542e-02   2.0556769e-03   6.8689983e-03
   1.7100000e+02   5.4076925e-03   1.2729931e-02   2.0434981e-03   6.8288730e-03
   1.7200000e+02   5.3762386e-03   1.2656183e-02   2.0314627e-03   6.7892138e-03
   1.7300000e+02   5.3451485e-03   1.2583285e-02   2.0195682e-03   6.7500126e-03
   1.7400000e+02   5.3144159e-03   1.2511222e-02   2.0078122e-03   6.7112615e-03
   1.7500000e+02   5.2840346e-03   1.2439980e-02   1.9961922e-03   6.6729528e-03
   1.7600000e+02   5.2539988e-03   1.2369545e-02   1.9847059e-03   6.6350789e-03
   1.7700000e+02   5.2243025e-03   1.2299902e-02   1.9733511e-03   6.5976326e-03
   1.7800000e+02   5.1949400e-03   1.2231040e-02   1.9621253e-03   6.5606065e-03
   1.7900000e+02   5.1659057e-03   1.2162944e-02   1.9510266e-03   6.5239937e-03
   1.8000000e+02   5.1371941e-03   1.2095602e-02   1.9400527e-03   6.4877873e-03
   1.8100000e+02   5.1088000e-03   1.2029002e-02   1.9292016e-03   6.4519805e-03
   1.8200000e+02   5.0807180e-03   1.1963131e-02   1.9184711e-03   6.4165668e-03
   1.8300000e+02   5.0529430e-03   1.1897978e-02   1.9078593e-03   6.3815398e-03
   1.8400000e+02   5.0254700e-03   1.1833530e-02   1.8973643e-03   6.3468931e-03
   1.8500000e+02   4.9982942e-03   1.1769777e-02   1.8869840e-03   6.3126205e-03
   1.8600000e+02   4.9714107e-03   1.1706707e-02   1.8767167e-03   6.2787161e-03
   1.8700000e+02   4.9448149e-03   1.1644310e-02   1.8665606e-03   6.2451740e-03
   1.8800000e+02   4.9185021e-03   1.1582574e-02   1.8565137e-03   6.2119883e-03
   1.8900000e+02   4.8924678e-03   1.1521489e-02   1.8465744e-03   6.1791535e-03
   1.9000000e+02   4.8667077e-03   1.1461046e-02   1.8367409e-03   6.1466639e-03
   1.9100000e+02   4.8412175e-03   1.1401233e-02   1.8270116e-03   6.1145142e-03
   1.9200000e+02   4.8159929e-03   1.1342041e-02   1.8173848e-03   6.0826991e-03
   1.9300000e+02   4.7910298e-03   1.1283461e-02   1.8078590e-03   6.0512134e-03
   1.9400000e+02   4.7663241e-03   1.1225482e-02   1.7984324e-03   6.0200519e-03
   1.9500000e+02   4.7418719e-03   1.1168096e-02   1.7891036e-03   5.9892097e-03
   1.9600000e+02   4.7176693e-03   1.1111295e-02   1.7798711e-03   5.9586819e-03
   1.9700000e+02   4.6937126e-03   1.1055068e-02   1.7707334e-03   5.9284638e-03
   1.9800000e+02   4.6699979e-03   1.0999407e-02   1.7616890e-03   5.8985506e-03
   1.9900000e+02   4.6465216e-03   1.0944304e-02   1.7527365e-03   5.8689377e-03
   2.0000000e+02   4.6232802e-03   1.0889750e-02   1.7438745e-03   5.8396208e-03
   2.0100000e+02   4.6002702e-03   1.0835737e-02   1.7351017e-03   5.8105952e-03
   2.0200000e+02   4.5774880e-03   1.0782258e-02   1.7264167e-03   5.7818567e-03
   2.0300000e+02   4.5549304e-03   1.0729303e-02   1.7178182e-03   5.7534012e-03
   2.0400000e+02   4.5325940e-03   1.0676867e-02   1.7093049e-03   5.7252243e-03
   2.0500000e+02   4.5104756e-03   1.0624940e-02   1.7008756e-03   5.6973221e-03
   2.0600000e+02   4.4885721e-03   1.0573516e-02   1.6925290e-03   5.6696905e-03
   2.0700000e+02   4.4668802e-03   1.0522588e-02   1.6842639e-03   5.6423257e-03
   2.0800000e+02   4.4453970e-03   1.0472148e-02   1.6760791e-03   5.6152238e-03
   2.0900000e+02   4.4241195e-03   1.0422189e-02   1.6679735e-03   5.5883809e-03
   2.1000000e+02   4.4030446e-03   1.0372704e-02   1.6599458e-03   5.5617935e-03
   2.1100000e+02   4.3821696e-03   1.0323687e-02   1.6519951e-03   5.5354579e-03
   2.1200000e+02   4.3614916e-03   1.0275131e-02   1.6441202e-03   5.5093705e-03
   2.1300000e+02   4.3410079e-03   1.0227030e-02   1.6363199e-03   5.4835278e-03
   2.1400000e+02   4.3207156e-03   1.0179377e-02   1.6285934e-03   5.4579264e-03
   2.1500000e+02   4.3006122e-03   1.0132166e-02   1.6209394e-03   5.4325630e-03
   2.1600000e+02   4.2806950e-03   1.0085391e-02   1.6133571e-03   5.4074343e-03
   2.1700000e+02   4.2609614e-03   1.0039046e-02   1.6058453e-03   5.3825369e-03
   2.1800000e+02   4.2414089e-03   9.9931244e-03   1.5984032e-03   5.3578677e-03
   2.1900000e+02   4.2220350e-03   9.9476214e-03   1.5910297e-03   5.3334237e-03
   2.2000000e+02   4.2028374e-03   9.9025309e-03   1.5837239e-03   5.3092016e-03
   2.2100000e+02   4.1838135e-03   9.8578473e-03   1.5764849e-03   5.2851986e-03
   2.2200000e+02   4.1649610e-03   9.8135652e-03   1.5693118e-03   5.2614117e-03
   2.2300000e+02   4.1462778e-03   9.7696791e-03   1.5622036e-03   5.2378379e-03
   2.2400000e+02   4.1277613e-03   9.7261838e-03   1.5551596e-03   5.2144744e-03
   2.2500000e+02   4.1094095e-03   9.6830740e-03   1.5481788e-03   5.1913184e-03
   2.2600000e+02   4.0912202e-03   9.6403447e-03   1.5412603e-03   5.1683671e-03
   2.2700000e+02   4.0731912e-03   9.5979909e-03   1.5344034e-03   5.1456179e-03
   2.2800000e+02   4.0553204e-03   9.5560076e-03   1.5276073e-03   5.1230681e-03
   2.2900000e+02   4.0376057e-03   9.5143900e-03   1.5208710e-03   5.1007151e-03
   2.3000000e+02   4.0200451e-03   9.4731333e-03   1.5141940e-03   5.0785562e-03
   2.3100000e+02   4.0026366e-03   9.4322328e-03   1.5075752e-03   5.0565891e-03
   2.3200000e+02   3.9853783e-03   9.3916841e-03   1.5010141e-03   5.0348112e-03
   2.3300000e+02   3.9682681e-03   9.3514824e-03   1.4945099e-03   5.0132201e-03
   2.3400000e+02   3.9513042e-03   9.3116235e-03   1.4880617e-03   4.9918134e-03
   2.3500000e+02   3.9344847e-03   9.2721029e-03   1.4816690e-03   4.9705887e-03
   2.3600000e+02   3.9178078e-03   9.2329163e-03   1.4753310e-03   4.9495437e-03
   2.3700000e+02   3.9012717e-03   9.1940596e-03   1.4690469e-03   4.9286762e-03
   2.3800000e+02   3.8848746e-03   9.1555285e-03   1.4628161e-03   4.9079839e-03
   2.3900000e+02   3.8686147e-03   9.1173191e-03   1.4566380e-03   4.8874646e-03
   2.4000000e+02   3.8524904e-03   9.0794273e-03   1.4505118e-03   4.8671162e-03
   2.4100000e+02   3.8365000e-03   9.0418491e-03   1.4444369e-03   4.8469365e-03
   2.4200000e+02   3.8206417e-03   9.0045807e-03   1.4384127e-03   4.8269235e-03
   2.4300000e+02   3.8049140e-03   8.9676182e-03   1.4324386e-03   4.8070750e-03
   2.4400000e+02   3.7893152e-03   8.9309580e-03   1.4265138e-03   4.7873891e-03
   2.4500000e+02   3.7738439e-03   8.8945963e-03   1.4206379e-03   4.7678638e-03
   2.4600000e+02   3.7584983e-03   8.8585294e-03   1.4148102e-03   4.7484971e-03
   2.4700000e+02   3.7432771e-03   8.8227539e-03   1.4090300e-03   4.7292872e-03
   2.4800000e+02   3.7281786e-03   8.7872662e-03   1.4032969e-03   4.7102320e-03
   2.4900000e+02   3.7132014e-03   8.7520628e-03   1.3976103e-03   4.6913297e-03
   2.5000000e+02   3.6983441e-03   8.7171404e-03   1.3919696e-03   4.6725786e-03
