   1.0000000e+00   1.0000000e+00   1.0000000e+00   1.0000000e+00   1.0000000e+00
   2.0000000e+00   4.8033215e-01   5.3291350e-01   7.0071248e-01   7.1144524e-01
   3.0000000e+00   3.1607707e-01   3.6221113e-01   5.3599179e-01   5.4904927e-01
   4.0000000e+00   2.3553364e-01   2.7420898e-01   4.3331521e-01   4.4634630e-01
   5.0000000e+00   1.8770281e-01   2.2057895e-01   3.6345030e-01   3.7579778e-01
   6.0000000e+00   1.5601930e-01   1.8448469e-01   3.1290765e-01   3.2442165e-01
   7.0000000e+00   1.3348718e-01   1.5853747e-01   2.7467025e-01   2.8536402e-01
   8.0000000e+00   1.1664190e-01   1.3898701e-01   2.4474227e-01   2.5467994e-01
   9.0000000e+00   1.0357176e-01   1.2372797e-01   2.2068535e-01   2.2994258e-01
   1.0000000e+01   9.3135589e-02   1.1148737e-01   2.0092861e-01   2.0957861e-01
   1.1000000e+01   8.4610051e-02   1.0145033e-01   1.8441497e-01   1.9252393e-01
   1.2000000e+01   7.7514455e-02   9.3071036e-02   1.7040723e-01   1.7803334e-01
   1.3000000e+01   7.1516883e-02   8.5970166e-02   1.5837568e-01   1.6556955e-01
   1.4000000e+01   6.6380765e-02   7.9875911e-02   1.4792996e-01   1.5473545e-01
   1.5000000e+01   6.1932936e-02   7.4588411e-02   1.3877612e-01   1.4523124e-01
   1.6000000e+01   5.8043728e-02   6.9957426e-02   1.3068857e-01   1.3682635e-01
   1.7000000e+01   5.4614120e-02   6.5867838e-02   1.2349135e-01   1.2934059e-01
   1.8000000e+01   5.1567190e-02   6.2229956e-02   1.1704517e-01   1.2263106e-01
   1.9000000e+01   4.8842271e-02   5.8972862e-02   1.1123834e-01   1.1658304e-01
   2.0000000e+01   4.6390880e-02   5.6039745e-02   1.0598026e-01   1.1110333e-01
   2.1000000e+01   4.4173799e-02   5.3384559e-02   1.0119669e-01   1.0611545e-01
   2.2000000e+01   4.2158967e-02   5.0969589e-02   9.6826189e-02   1.0155604e-01
   2.3000000e+01   4.0319916e-02   4.8763648e-02   9.2817473e-02   9.7372190e-02
   2.4000000e+01   3.8634604e-02   4.6740725e-02   8.9127418e-02   9.3519339e-02
   2.5000000e+01   3.7084527e-02   4.4878950e-02   8.5719489e-02   8.9959714e-02
   2.6000000e+01   3.5654034e-02   4.3159806e-02   8.2562527e-02   8.6661074e-02
   2.7000000e+01   3.4329802e-02   4.1567507e-02   7.9629801e-02   8.3595738e-02
   2.8000000e+01   3.3100414e-02   4.0088515e-02   7.6898242e-02   8.0739805e-02
   2.9000000e+01   3.1956033e-02   3.8711151e-02   7.4347842e-02   7.8072529e-02
   3.0000000e+01   3.0888138e-02   3.7425288e-02   7.1961159e-02   7.5575819e-02
   3.1000000e+01   2.9889307e-02   3.6222102e-02   6.9722923e-02   7.3233822e-02
   3.2000000e+01   2.8953052e-02   3.5093868e-02   6.7619703e-02   7.1032592e-02
   3.3000000e+01   2.8073670e-02   3.4033793e-02   6.5639641e-02   6.8959811e-02
   3.4000000e+01   2.7246131e-02   3.3035882e-02   6.3772229e-02   6.7004554e-02
   3.5000000e+01   2.6465983e-02   3.2094823e-02   6.2008121e-02   6.5157104e-02
   3.6000000e+01   2.5729268e-02   3.1205892e-02   6.0338975e-02   6.3408785e-02
   3.7000000e+01   2.5032457e-02   3.0364876e-02   5.8757326e-02   6.1751827e-02
   3.8000000e+01   2.4372393e-02   2.9568000e-02   5.7256470e-02   6.0179252e-02
   3.9000000e+01   2.3746245e-02   2.8811880e-02   5.5830372e-02   5.8684775e-02
   4.0000000e+01   2.3151463e-02   2.8093467e-02   5.4473582e-02   5.7262719e-02
   4.1000000e+01   2.2585749e-02   2.7410008e-02   5.3181168e-02   5.5907946e-02
   4.2000000e+01   2.2047022e-02   2.6759013e-02   5.1948654e-02   5.4615790e-02
   4.3000000e+01   2.1533396e-02   2.6138224e-02   5.0771971e-02   5.3382010e-02
   4.4000000e+01   2.1043157e-02   2.5545585e-02   4.9647410e-02   5.2202736e-02
   4.5000000e+01   2.0574744e-02   2.4979224e-02   4.8571582e-02   5.1074436e-02
   4.6000000e+01   2.0126730e-02   2.4437431e-02   4.7541388e-02   4.9993874e-02
   4.7000000e+01   1.9697811e-02   2.3918641e-02   4.6553984e-02   4.8958084e-02
   4.8000000e+01   1.9286791e-02   2.3421421e-02   4.5606759e-02   4.7964339e-02
   4.9000000e+01   1.8892574e-02   2.2944452e-02   4.4697309e-02   4.7010132e-02
   5.0000000e+01   1.8514150e-02   2.2486522e-02   4.3823419e-02   4.6093148e-02
   5.1000000e+01   1.8150588e-02   2.2046512e-02   4.2983043e-02   4.5211250e-02
   5.2000000e+01   1.7801029e-02   2.1623393e-02   4.2174290e-02   4.4362464e-02
   5.3000000e+01   1.7464680e-02   2.1216208e-02   4.1395408e-02   4.3544959e-02
   5.4000000e+01   1.7140806e-02   2.0824075e-02   4.0644772e-02   4.2757037e-02
   5.5000000e+01   1.6828726e-02   2.0446174e-02   3.9920873e-02   4.1997121e-02
   5.6000000e+01   1.6527806e-02   2.0081744e-02   3.9222308e-02   4.1263743e-02
   5.7000000e+01   1.6237459e-02   1.9730078e-02   3.8547769e-02   4.0555538e-02
   5.8000000e+01   1.5957137e-02   1.9390517e-02   3.7896038e-02   3.9871232e-02
   5.9000000e+01   1.5686330e-02   1.9062445e-02   3.7265978e-02   3.9209634e-02
   6.0000000e+01   1.5424561e-02   1.8745291e-02   3.6656526e-02   3.8569634e-02
   6.1000000e+01   1.5171385e-02   1.8438517e-02   3.6066685e-02   3.7950189e-02
   6.2000000e+01   1.4926386e-02   1.8141622e-02   3.5495526e-02   3.7350327e-02
   6.3000000e+01   1.4689174e-02   1.7854136e-02   3.4942175e-02   3.6769132e-02
   6.4000000e+01   1.4459384e-02   1.7575620e-02   3.4405810e-02   3.6205747e-02
   6.5000000e+01   1.4236673e-02   1.7305660e-02   3.3885663e-02   3.5659366e-02
   6.6000000e+01   1.4020718e-02   1.7043868e-02   3.3381008e-02   3.5129230e-02
   6.7000000e+01   1.3811217e-02   1.6789878e-02   3.2891164e-02   3.4614625e-02
   6.8000000e+01   1.3607884e-02   1.6543346e-02   3.2415488e-02   3.4114878e-02
   6.9000000e+01   1.3410452e-02   1.6303950e-02   3.1953373e-02   3.3629356e-02
   7.0000000e+01   1.3218667e-02   1.6071384e-02   3.1504249e-02   3.3157460e-02
   7.1000000e+01   1.3032290e-02   1.5845359e-02   3.1067575e-02   3.2698623e-02
   7.2000000e+01   1.2851095e-02   1.5625603e-02   3.0642841e-02   3.2252312e-02
   7.3000000e+01   1.2674870e-02   1.5411860e-02   3.0229563e-02   3.1818020e-02
   7.4000000e+01   1.2503412e-02   1.5203885e-02   2.9827284e-02   3.1395267e-02
   7.5000000e+01   1.2336532e-02   1.5001448e-02   2.9435571e-02   3.0983602e-02
   7.6000000e+01   1.2174047e-02   1.4804331e-02   2.9054013e-02   3.0582592e-02
   7.7000000e+01   1.2015787e-02   1.4612328e-02   2.8682219e-02   3.0191829e-02
   7.8000000e+01   1.1861589e-02   1.4425241e-02   2.8319821e-02   2.9810926e-02
   7.9000000e+01   1.1711298e-02   1.4242884e-02   2.7966466e-02   2.9439514e-02
   8.0000000e+01   1.1564768e-02   1.4065080e-02   2.7621820e-02   2.9077243e-02
   8.1000000e+01   1.1421860e-02   1.3891660e-02   2.7285566e-02   2.8723779e-02
   8.2000000e+01   1.1282440e-02   1.3722465e-02   2.6957399e-02   2.8378805e-02
   8.3000000e+01   1.1146383e-02   1.3557342e-02   2.6637032e-02   2.8042018e-02
   8.4000000e+01   1.1013568e-02   1.3396145e-02   2.6324190e-02   2.7713132e-02
   8.5000000e+01   1.0883882e-02   1.3238737e-02   2.6018611e-02   2.7391871e-02
   8.6000000e+01   1.0757213e-02   1.3084984e-02   2.5720045e-02   2.7077972e-02
   8.7000000e+01   1.0633460e-02   1.2934762e-02   2.5428254e-02   2.6771186e-02
   8.8000000e+01   1.0512521e-02   1.2787951e-02   2.5143008e-02   2.6471274e-02
   8.9000000e+01   1.0394302e-02   1.2644434e-02   2.4864091e-02   2.6178007e-02
   9.0000000e+01   1.0278713e-02   1.2504103e-02   2.4591295e-02   2.5891166e-02
   9.1000000e+01   1.0165666e-02   1.2366853e-02   2.4324419e-02   2.5610543e-02
   9.2000000e+01   1.0055078e-02   1.2232583e-02   2.4063273e-02   2.5335938e-02
   9.3000000e+01   9.9468711e-03   1.2101197e-02   2.3807676e-02   2.5067160e-02
   9.4000000e+01   9.8409680e-03   1.1972603e-02   2.3557450e-02   2.4804024e-02
   9.5000000e+01   9.7372963e-03   1.1846714e-02   2.3312430e-02   2.4546355e-02
   9.6000000e+01   9.6357861e-03   1.1723445e-02   2.3072455e-02   2.4293984e-02
   9.7000000e+01   9.5363705e-03   1.1602714e-02   2.2837369e-02   2.4046750e-02
   9.8000000e+01   9.4389853e-03   1.1484445e-02   2.2607026e-02   2.3804497e-02
   9.9000000e+01   9.3435691e-03   1.1368563e-02   2.2381283e-02   2.3567076e-02
   1.0000000e+02   9.2500626e-03   1.1254996e-02   2.2160003e-02   2.3334345e-02
   1.0100000e+02   9.1584092e-03   1.1143675e-02   2.1943056e-02   2.3106165e-02
   1.0200000e+02   9.0685542e-03   1.1034535e-02   2.1730316e-02   2.2882404e-02
   1.0300000e+02   8.9804452e-03   1.0927512e-02   2.1521661e-02   2.2662936e-02
   1.0400000e+02   8.8940319e-03   1.0822545e-02   2.1316975e-02   2.2447637e-02
   1.0500000e+02   8.8092657e-03   1.0719575e-02   2.1116146e-02   2.2236391e-02
   1.0600000e+02   8.7261000e-03   1.0618547e-02   2.0919065e-02   2.2029083e-02
   1.0700000e+02   8.6444900e-03   1.0519404e-02   2.0725629e-02   2.1825605e-02
   1.0800000e+02   8.5643922e-03   1.0422097e-02   2.0535738e-02   2.1625852e-02
   1.0900000e+02   8.4857652e-03   1.0326572e-02   2.0349294e-02   2.1429721e-02
   1.1000000e+02   8.4085688e-03   1.0232783e-02   2.0166206e-02   2.1237117e-02
   1.1100000e+02   8.3327642e-03   1.0140683e-02   1.9986382e-02   2.1047943e-02
   1.1200000e+02   8.2583142e-03   1.0050225e-02   1.9809738e-02   2.0862110e-02
   1.1300000e+02   8.1851828e-03   9.9613669e-03   1.9636188e-02   2.0679530e-02
   1.1400000e+02   8.1133353e-03   9.8740663e-03   1.9465653e-02   2.0500117e-02
   1.1500000e+02   8.0427381e-03   9.7882827e-03   1.9298055e-02   2.0323791e-02
   1.1600000e+02   7.9733588e-03   9.7039767e-03   1.9133317e-02   2.0150472e-02
   1.1700000e+02   7.9051664e-03   9.6211105e-03   1.8971369e-02   1.9980085e-02
   1.1800000e+02   7.8381304e-03   9.5396477e-03   1.8812139e-02   1.9812554e-02
   1.1900000e+02   7.7722219e-03   9.4595527e-03   1.8655559e-02   1.9647810e-02
   1.2000000e+02   7.7074125e-03   9.3807915e-03   1.8501565e-02   1.9485783e-02
   1.2100000e+02   7.6436750e-03   9.3033310e-03   1.8350092e-02   1.9326406e-02
   1.2200000e+02   7.5809830e-03   9.2271393e-03   1.8201079e-02   1.9169615e-02
   1.2300000e+02   7.5193110e-03   9.1521854e-03   1.8054467e-02   1.9015348e-02
   1.2400000e+02   7.4586344e-03   9.0784395e-03   1.7910198e-02   1.8863544e-02
   1.2500000e+02   7.3989292e-03   9.0058725e-03   1.7768216e-02   1.8714144e-02
   1.2600000e+02   7.3401722e-03   8.9344564e-03   1.7628468e-02   1.8567093e-02
   1.2700000e+02   7.2823411e-03   8.8641640e-03   1.7490900e-02   1.8422334e-02
   1.2800000e+02   7.2254141e-03   8.7949690e-03   1.7355463e-02   1.8279815e-02
   1.2900000e+02   7.1693703e-03   8.7268460e-03   1.7222108e-02   1.8139484e-02
   1.3000000e+02   7.1141892e-03   8.6597702e-03   1.7090786e-02   1.8001291e-02
   1.3100000e+02   7.0598510e-03   8.5937176e-03   1.6961452e-02   1.7865188e-02
   1.3200000e+02   7.0063366e-03   8.5286651e-03   1.6834060e-02   1.7731128e-02
   1.3300000e+02   6.9536274e-03   8.4645900e-03   1.6708568e-02   1.7599064e-02
   1.3400000e+02   6.9017053e-03   8.4014705e-03   1.6584933e-02   1.7468954e-02
   1.3500000e+02   6.8505529e-03   8.3392853e-03   1.6463114e-02   1.7340753e-02
   1.3600000e+02   6.8001531e-03   8.2780140e-03   1.6343071e-02   1.7214419e-02
   1.3700000e+02   6.7504895e-03   8.2176365e-03   1.6224767e-02   1.7089914e-02
   1.3800000e+02   6.7015461e-03   8.1581333e-03   1.6108163e-02   1.6967196e-02
   1.3900000e+02   6.6533072e-03   8.0994857e-03   1.5993223e-02   1.6846228e-02
   1.4000000e+02   6.6057579e-03   8.0416752e-03   1.5879911e-02   1.6726973e-02
   1.4100000e+02   6.5588834e-03   7.9846842e-03   1.5768194e-02   1.6609395e-02
   1.4200000e+02   6.5126694e-03   7.9284952e-03   1.5658038e-02   1.6493457e-02
   1.4300000e+02   6.4671022e-03   7.8730916e-03   1.5549411e-02   1.6379128e-02
   1.4400000e+02   6.4221681e-03   7.8184568e-03   1.5442280e-02   1.6266372e-02
   1.4500000e+02   6.3778542e-03   7.7645752e-03   1.5336615e-02   1.6155158e-02
   1.4600000e+02   6.3341476e-03   7.7114311e-03   1.5232386e-02   1.6045454e-02
   1.4700000e+02   6.2910359e-03   7.6590095e-03   1.5129565e-02   1.5937231e-02
   1.4800000e+02   6.2485072e-03   7.6072958e-03   1.5028122e-02   1.5830457e-02
   1.4900000e+02   6.2065496e-03   7.5562758e-03   1.4928031e-02   1.5725105e-02
   1.5000000e+02   6.1651517e-03   7.5059356e-03   1.4829264e-02   1.5621145e-02
   1.5100000e+02   6.1243024e-03   7.4562617e-03   1.4731795e-02   1.5518551e-02
   1.5200000e+02   6.0839909e-03   7.4072409e-03   1.4635599e-02   1.5417296e-02
   1.5300000e+02   6.0442065e-03   7.3588605e-03   1.4540652e-02   1.5317354e-02
   1.5400000e+02   6.0049391e-03   7.3111080e-03   1.4446928e-02   1.5218699e-02
   1.5500000e+02   5.9661787e-03   7.2639713e-03   1.4354405e-02   1.5121307e-02
   1.5600000e+02   5.9279154e-03   7.2174384e-03   1.4263059e-02   1.5025153e-02
   1.5700000e+02   5.8901397e-03   7.1714979e-03   1.4172869e-02   1.4930214e-02
   1.5800000e+02   5.8528425e-03   7.1261386e-03   1.4083812e-02   1.4836468e-02
   1.5900000e+02   5.8160146e-03   7.0813495e-03   1.3995867e-02   1.4743892e-02
   1.6000000e+02   5.7796473e-03   7.0371198e-03   1.3909014e-02   1.4652463e-02
   1.6100000e+02   5.7437320e-03   6.9934393e-03   1.3823232e-02   1.4562162e-02
   1.6200000e+02   5.7082603e-03   6.9502976e-03   1.3738502e-02   1.4472967e-02
   1.6300000e+02   5.6732240e-03   6.9076850e-03   1.3654804e-02   1.4384858e-02
   1.6400000e+02   5.6386152e-03   6.8655917e-03   1.3572119e-02   1.4297815e-02
   1.6500000e+02   5.6044261e-03   6.8240083e-03   1.3490430e-02   1.4211819e-02
   1.6600000e+02   5.5706491e-03   6.7829256e-03   1.3409719e-02   1.4126851e-02
   1.6700000e+02   5.5372768e-03   6.7423346e-03   1.3329967e-02   1.4042894e-02
   1.6800000e+02   5.5043020e-03   6.7022265e-03   1.3251159e-02   1.3959928e-02
   1.6900000e+02   5.4717176e-03   6.6625928e-03   1.3173277e-02   1.3877937e-02
   1.7000000e+02   5.4395166e-03   6.6234251e-03   1.3096305e-02   1.3796904e-02
   1.7100000e+02   5.4076925e-03   6.5847151e-03   1.3020227e-02   1.3716811e-02
   1.7200000e+02   5.3762386e-03   6.5464551e-03   1.2945028e-02   1.3637643e-02
   1.7300000e+02   5.3451485e-03   6.5086371e-03   1.2870693e-02   1.3559383e-02
   1.7400000e+02   5.3144159e-03   6.4712535e-03   1.2797206e-02   1.3482017e-02
   1.7500000e+02   5.2840346e-03   6.4342969e-03   1.2724554e-02   1.3405528e-02
   1.7600000e+02   5.2539988e-03   6.3977600e-03   1.2652722e-02   1.3329902e-02
   1.7700000e+02   5.2243025e-03   6.3616357e-03   1.2581697e-02   1.3255125e-02
   1.7800000e+02   5.1949400e-03   6.3259171e-03   1.2511465e-02   1.3181182e-02
   1.7900000e+02   5.1659057e-03   6.2905973e-03   1.2442012e-02   1.3108060e-02
   1.8000000e+02   5.1371941e-03   6.2556697e-03   1.2373326e-02   1.3035744e-02
   1.8100000e+02   5.1088000e-03   6.2211279e-03   1.2305394e-02   1.2964222e-02
   1.8200000e+02   5.0807180e-03   6.1869654e-03   1.2238205e-02   1.2893480e-02
   1.8300000e+02   5.0529430e-03   6.1531761e-03   1.2171744e-02   1.2823506e-02
   1.8400000e+02   5.0254700e-03   6.1197538e-03   1.2106002e-02   1.2754288e-02
   1.8500000e+02   4.9982942e-03   6.0866927e-03   1.2040966e-02   1.2685813e-02
   1.8600000e+02   4.9714107e-03   6.0539869e-03   1.1976626e-02   1.2618069e-02
   1.8700000e+02   4.9448149e-03   6.0216306e-03   1.1912969e-02   1.2551045e-02
   1.8800000e+02   4.9185021e-03   5.9896184e-03   1.1849985e-02   1.2484729e-02
   1.8900000e+02   4.8924678e-03   5.9579447e-03   1.1787664e-02   1.2419110e-02
   1.9000000e+02   4.8667077e-03   5.9266043e-03   1.1725995e-02   1.2354178e-02
   1.9100000e+02   4.8412175e-03   5.8955919e-03   1.1664968e-02   1.2289921e-02
   1.9200000e+02   4.8159929e-03   5.8649023e-03   1.1604572e-02   1.2226328e-02
   1.9300000e+02   4.7910298e-03   5.8345306e-03   1.1544799e-02   1.2163391e-02
   1.9400000e+02   4.7663241e-03   5.8044718e-03   1.1485639e-02   1.2101098e-02
   1.9500000e+02   4.7418719e-03   5.7747212e-03   1.1427081e-02   1.2039440e-02
   1.9600000e+02   4.7176693e-03   5.7452740e-03   1.1369118e-02   1.1978407e-02
   1.9700000e+02   4.6937126e-03   5.7161255e-03   1.1311740e-02   1.1917990e-02
   1.9800000e+02   4.6699979e-03   5.6872714e-03   1.1254938e-02   1.1858179e-02
   1.9900000e+02   4.6465216e-03   5.6587071e-03   1.1198703e-02   1.1798966e-02
   2.0000000e+02   4.6232802e-03   5.6304283e-03   1.1143028e-02   1.1740340e-02
   2.0100000e+02   4.6002702e-03   5.6024307e-03   1.1087904e-02   1.1682295e-02
   2.0200000e+02   4.5774880e-03   5.5747102e-03   1.1033322e-02   1.1624821e-02
   2.0300000e+02   4.5549304e-03   5.5472626e-03   1.0979275e-02   1.1567909e-02
   2.0400000e+02   4.5325940e-03   5.5200840e-03   1.0925755e-02   1.1511552e-02
   2.0500000e+02   4.5104756e-03   5.4931704e-03   1.0872755e-02   1.1455742e-02
   2.0600000e+02   4.4885721e-03   5.4665180e-03   1.0820266e-02   1.1400470e-02
   2.0700000e+02   4.4668802e-03   5.4401230e-03   1.0768281e-02   1.1345729e-02
   2.0800000e+02   4.4453970e-03   5.4139817e-03   1.0716794e-02   1.1291511e-02
   2.0900000e+02   4.4241195e-03   5.3880903e-03   1.0665796e-02   1.1237808e-02
   2.1000000e+02   4.4030446e-03   5.3624455e-03   1.0615282e-02   1.1184615e-02
   2.1100000e+02   4.3821696e-03   5.3370436e-03   1.0565243e-02   1.1131922e-02
   2.1200000e+02   4.3614916e-03   5.3118812e-03   1.0515675e-02   1.1079723e-02
   2.1300000e+02   4.3410079e-03   5.2869550e-03   1.0466569e-02   1.1028012e-02
   2.1400000e+02   4.3207156e-03   5.2622616e-03   1.0417920e-02   1.0976781e-02
   2.1500000e+02   4.3006122e-03   5.2377978e-03   1.0369721e-02   1.0926024e-02
   2.1600000e+02   4.2806950e-03   5.2135604e-03   1.0321965e-02   1.0875735e-02
   2.1700000e+02   4.2609614e-03   5.1895463e-03   1.0274648e-02   1.0825906e-02
   2.1800000e+02   4.2414089e-03   5.1657524e-03   1.0227763e-02   1.0776531e-02
   2.1900000e+02   4.2220350e-03   5.1421757e-03   1.0181303e-02   1.0727605e-02
   2.2000000e+02   4.2028374e-03   5.1188132e-03   1.0135264e-02   1.0679121e-02
   2.2100000e+02   4.1838135e-03   5.0956621e-03   1.0089639e-02   1.0631074e-02
   2.2200000e+02   4.1649610e-03   5.0727194e-03   1.0044423e-02   1.0583456e-02
   2.2300000e+02   4.1462778e-03   5.0499824e-03   9.9996103e-03   1.0536264e-02
   2.2400000e+02   4.1277613e-03   5.0274483e-03   9.9551959e-03   1.0489490e-02
   2.2500000e+02   4.1094095e-03   5.0051144e-03   9.9111743e-03   1.0443130e-02
   2.2600000e+02   4.0912202e-03   4.9829781e-03   9.8675403e-03   1.0397178e-02
   2.2700000e+02   4.0731912e-03   4.9610367e-03   9.8242888e-03   1.0351629e-02
   2.2800000e+02   4.0553204e-03   4.9392877e-03   9.7814148e-03   1.0306477e-02
   2.2900000e+02   4.0376057e-03   4.9177286e-03   9.7389134e-03   1.0261717e-02
   2.3000000e+02   4.0200451e-03   4.8963568e-03   9.6967798e-03   1.0217344e-02
   2.3100000e+02   4.0026366e-03   4.8751700e-03   9.6550091e-03   1.0173353e-02
   2.3200000e+02   3.9853783e-03   4.8541658e-03   9.6135968e-03   1.0129739e-02
   2.3300000e+02   3.9682681e-03   4.8333417e-03   9.5725382e-03   1.0086498e-02
   2.3400000e+02   3.9513042e-03   4.8126956e-03   9.5318288e-03   1.0043625e-02
   2.3500000e+02   3.9344847e-03   4.7922251e-03   9.4914642e-03   1.0001114e-02
   2.3600000e+02   3.9178078e-03   4.7719280e-03   9.4514401e-03   9.9589616e-03
   2.3700000e+02   3.9012717e-03   4.7518022e-03   9.4117520e-03   9.9171631e-03
   2.3800000e+02   3.8848746e-03   4.7318453e-03   9.3723959e-03   9.8757140e-03
   2.3900000e+02   3.8686147e-03   4.7120554e-03   9.3333676e-03   9.8346099e-03
   2.4000000e+02   3.8524904e-03   4.6924304e-03   9.2946629e-03   9.7938466e-03
   2.4100000e+02   3.8365000e-03   4.6729681e-03   9.2562780e-03   9.7534198e-03
   2.4200000e+02   3.8206417e-03   4.6536666e-03   9.2182087e-03   9.7133253e-03
   2.4300000e+02   3.8049140e-03   4.6345239e-03   9.1804514e-03   9.6735592e-03
   2.4400000e+02   3.7893152e-03   4.6155381e-03   9.1430020e-03   9.6341173e-03
   2.4500000e+02   3.7738439e-03   4.5967072e-03   9.1058570e-03   9.5949958e-03
   2.4600000e+02   3.7584983e-03   4.5780293e-03   9.0690125e-03   9.5561906e-03
   2.4700000e+02   3.7432771e-03   4.5595025e-03   9.0324651e-03   9.5176981e-03
   2.4800000e+02   3.7281786e-03   4.5411251e-03   8.9962110e-03   9.4795145e-03
   2.4900000e+02   3.7132014e-03   4.5228953e-03   8.9602467e-03   9.4416360e-03
   2.5000000e+02   3.6983441e-03   4.5048113e-03   8.9245689e-03   9.4040590e-03
