   1.0000000e+00   1.0000000e+00   1.0000000e+00   1.0000000e+00   1.0000000e+00
   2.0000000e+00   4.8033215e-01   6.0636135e-01   6.4388451e-01   6.4895186e-01
   3.0000000e+00   3.1607707e-01   4.3509169e-01   4.7480063e-01   4.8033215e-01
   4.0000000e+00   2.3553364e-01   3.3926461e-01   3.7605001e-01   3.8126625e-01
   5.0000000e+00   1.8770281e-01   2.7802971e-01   3.1130397e-01   3.1607707e-01
   6.0000000e+00   1.5601930e-01   2.3551997e-01   2.6557828e-01   2.6992508e-01
   7.0000000e+00   1.3348718e-01   2.0428546e-01   2.3156501e-01   2.3553364e-01
   8.0000000e+00   1.1664190e-01   1.8036549e-01   2.0527493e-01   2.0891549e-01
   9.0000000e+00   1.0357176e-01   1.6145999e-01   1.8434576e-01   1.8770281e-01
   1.0000000e+01   9.3135589e-02   1.4614175e-01   1.6728947e-01   1.7040080e-01
   1.1000000e+01   8.4610051e-02   1.3347823e-01   1.5312209e-01   1.5601930e-01
   1.2000000e+01   7.7514455e-02   1.2283434e-01   1.4116697e-01   1.4387641e-01
   1.3000000e+01   7.1516883e-02   1.1376263e-01   1.3094346e-01   1.3348718e-01
   1.4000000e+01   6.6380765e-02   1.0593872e-01   1.2210076e-01   1.2449730e-01
   1.5000000e+01   6.1932936e-02   9.9121715e-02   1.1437681e-01   1.1664190e-01
   1.6000000e+01   5.8043728e-02   9.3129000e-02   1.0757194e-01   1.0971896e-01
   1.7000000e+01   5.4614120e-02   8.7819590e-02   1.0153131e-01   1.0357176e-01
   1.8000000e+01   5.1567190e-02   8.3082921e-02   9.6133030e-02   9.8076833e-02
   1.9000000e+01   4.8842271e-02   7.8831060e-02   9.1279806e-02   9.3135589e-02
   2.0000000e+01   4.6390880e-02   7.4993200e-02   8.6893057e-02   8.8668357e-02
   2.1000000e+01   4.4173799e-02   7.1511681e-02   8.2908613e-02   8.4610051e-02
   2.2000000e+01   4.2158967e-02   6.8339076e-02   7.9273558e-02   8.0906979e-02
   2.3000000e+01   4.0319916e-02   6.5436017e-02   7.5943866e-02   7.7514455e-02
   2.4000000e+01   3.8634604e-02   6.2769552e-02   7.2882611e-02   7.4394987e-02
   2.5000000e+01   3.7084527e-02   6.0311892e-02   7.0058587e-02   7.1516883e-02
   2.6000000e+01   3.5654034e-02   5.8039433e-02   6.7445249e-02   6.8853175e-02
   2.7000000e+01   3.4329802e-02   5.5932002e-02   6.5019865e-02   6.6380765e-02
   2.8000000e+01   3.3100414e-02   5.3972251e-02   6.2762864e-02   6.4079761e-02
   2.9000000e+01   3.1956033e-02   5.2145183e-02   6.0657298e-02   6.1932936e-02
   3.0000000e+01   3.0888138e-02   5.0437765e-02   5.8688422e-02   5.9925295e-02
   3.1000000e+01   2.9889307e-02   4.8838615e-02   5.6843343e-02   5.8043728e-02
   3.2000000e+01   2.8953052e-02   4.7337753e-02   5.5110741e-02   5.6276721e-02
   3.3000000e+01   2.8073670e-02   4.5926386e-02   5.3480635e-02   5.4614120e-02
   3.4000000e+01   2.7246131e-02   4.4596742e-02   5.1944192e-02   5.3046938e-02
   3.5000000e+01   2.6465983e-02   4.3341923e-02   5.0493564e-02   5.1567190e-02
   3.6000000e+01   2.5729268e-02   4.2155785e-02   4.9121757e-02   5.0167756e-02
   3.7000000e+01   2.5032457e-02   4.1032839e-02   4.7822517e-02   4.8842271e-02
   3.8000000e+01   2.4372393e-02   3.9968167e-02   4.6590235e-02   4.7585025e-02
   3.9000000e+01   2.3746245e-02   3.8957348e-02   4.5419863e-02   4.6390880e-02
   4.0000000e+01   2.3151463e-02   3.7996396e-02   4.4306852e-02   4.5255202e-02
   4.1000000e+01   2.2585749e-02   3.7081710e-02   4.3247084e-02   4.4173799e-02
   4.2000000e+01   2.2047022e-02   3.6210027e-02   4.2236829e-02   4.3142872e-02
   4.3000000e+01   2.1533396e-02   3.5378384e-02   4.1272695e-02   4.2158967e-02
   4.4000000e+01   2.1043157e-02   3.4584085e-02   4.0351596e-02   4.1218938e-02
   4.5000000e+01   2.0574744e-02   3.3824669e-02   3.9470712e-02   4.0319916e-02
   4.6000000e+01   2.0126730e-02   3.3097887e-02   3.8627466e-02   3.9459273e-02
   4.7000000e+01   1.9697811e-02   3.2401681e-02   3.7819497e-02   3.8634604e-02
   4.8000000e+01   1.9286791e-02   3.1734161e-02   3.7044635e-02   3.7843699e-02
   4.9000000e+01   1.8892574e-02   3.1093589e-02   3.6300888e-02   3.7084527e-02
   5.0000000e+01   1.8514150e-02   3.0478366e-02   3.5586417e-02   3.6355214e-02
   5.1000000e+01   1.8150588e-02   2.9887017e-02   3.4899528e-02   3.5654034e-02
   5.2000000e+01   1.7801029e-02   2.9318178e-02   3.4238653e-02   3.4979389e-02
   5.3000000e+01   1.7464680e-02   2.8770588e-02   3.3602342e-02   3.4329802e-02
   5.4000000e+01   1.7140806e-02   2.8243078e-02   3.2989251e-02   3.3703901e-02
   5.5000000e+01   1.6828726e-02   2.7734563e-02   3.2398131e-02   3.3100414e-02
   5.6000000e+01   1.6527806e-02   2.7244036e-02   3.1827823e-02   3.2518159e-02
   5.7000000e+01   1.6237459e-02   2.6770559e-02   3.1277246e-02   3.1956033e-02
   5.8000000e+01   1.5957137e-02   2.6313259e-02   3.0745393e-02   3.1413012e-02
   5.9000000e+01   1.5686330e-02   2.5871319e-02   3.0231325e-02   3.0888138e-02
   6.0000000e+01   1.5424561e-02   2.5443979e-02   2.9734165e-02   3.0380515e-02
   6.1000000e+01   1.5171385e-02   2.5030527e-02   2.9253093e-02   2.9889307e-02
   6.2000000e+01   1.4926386e-02   2.4630297e-02   2.8787339e-02   2.9413731e-02
   6.3000000e+01   1.4689174e-02   2.4242665e-02   2.8336184e-02   2.8953052e-02
   6.4000000e+01   1.4459384e-02   2.3867044e-02   2.7898952e-02   2.8506581e-02
   6.5000000e+01   1.4236673e-02   2.3502886e-02   2.7475008e-02   2.8073670e-02
   6.6000000e+01   1.4020718e-02   2.3149674e-02   2.7063755e-02   2.7653711e-02
   6.7000000e+01   1.3811217e-02   2.2806921e-02   2.6664632e-02   2.7246131e-02
   6.8000000e+01   1.3607884e-02   2.2474169e-02   2.6277110e-02   2.6850391e-02
   6.9000000e+01   1.3410452e-02   2.2150988e-02   2.5900691e-02   2.6465983e-02
   7.0000000e+01   1.3218667e-02   2.1836969e-02   2.5534904e-02   2.6092426e-02
   7.1000000e+01   1.3032290e-02   2.1531729e-02   2.5179304e-02   2.5729268e-02
   7.2000000e+01   1.2851095e-02   2.1234905e-02   2.4833473e-02   2.5376080e-02
   7.3000000e+01   1.2674870e-02   2.0946153e-02   2.4497013e-02   2.5032457e-02
   7.4000000e+01   1.2503412e-02   2.0665149e-02   2.4169548e-02   2.4698016e-02
   7.5000000e+01   1.2336532e-02   2.0391585e-02   2.3850723e-02   2.4372393e-02
   7.6000000e+01   1.2174047e-02   2.0125169e-02   2.3540199e-02   2.4055245e-02
   7.7000000e+01   1.2015787e-02   1.9865624e-02   2.3237657e-02   2.3746245e-02
   7.8000000e+01   1.1861589e-02   1.9612689e-02   2.2942793e-02   2.3445082e-02
   7.9000000e+01   1.1711298e-02   1.9366114e-02   2.2655319e-02   2.3151463e-02
   8.0000000e+01   1.1564768e-02   1.9125661e-02   2.2374959e-02   2.2865107e-02
   8.1000000e+01   1.1421860e-02   1.8891107e-02   2.2101454e-02   2.2585749e-02
   8.2000000e+01   1.1282440e-02   1.8662236e-02   2.1834554e-02   2.2313134e-02
   8.3000000e+01   1.1146383e-02   1.8438844e-02   2.1574023e-02   2.2047022e-02
   8.4000000e+01   1.1013568e-02   1.8220737e-02   2.1319637e-02   2.1787182e-02
   8.5000000e+01   1.0883882e-02   1.8007730e-02   2.1071180e-02   2.1533396e-02
   8.6000000e+01   1.0757213e-02   1.7799645e-02   2.0828447e-02   2.1285454e-02
   8.7000000e+01   1.0633460e-02   1.7596314e-02   2.0591243e-02   2.1043158e-02
   8.8000000e+01   1.0512521e-02   1.7397576e-02   2.0359380e-02   2.0806315e-02
   8.9000000e+01   1.0394302e-02   1.7203278e-02   2.0132682e-02   2.0574744e-02
   9.0000000e+01   1.0278713e-02   1.7013271e-02   1.9910976e-02   2.0348271e-02
   9.1000000e+01   1.0165666e-02   1.6827415e-02   1.9694100e-02   2.0126730e-02
   9.2000000e+01   1.0055078e-02   1.6645577e-02   1.9481897e-02   1.9909960e-02
   9.3000000e+01   9.9468711e-03   1.6467626e-02   1.9274219e-02   1.9697811e-02
   9.4000000e+01   9.8409680e-03   1.6293440e-02   1.9070922e-02   1.9490134e-02
   9.5000000e+01   9.7372963e-03   1.6122900e-02   1.8871868e-02   1.9286791e-02
   9.6000000e+01   9.6357861e-03   1.5955893e-02   1.8676927e-02   1.9087648e-02
   9.7000000e+01   9.5363705e-03   1.5792311e-02   1.8485972e-02   1.8892574e-02
   9.8000000e+01   9.4389853e-03   1.5632048e-02   1.8298883e-02   1.8701448e-02
   9.9000000e+01   9.3435691e-03   1.5475006e-02   1.8115542e-02   1.8514150e-02
   1.0000000e+02   9.2500626e-03   1.5321088e-02   1.7935839e-02   1.8330566e-02
   1.0100000e+02   9.1584092e-03   1.5170201e-02   1.7759666e-02   1.8150588e-02
   1.0200000e+02   9.0685542e-03   1.5022257e-02   1.7586920e-02   1.7974109e-02
   1.0300000e+02   8.9804452e-03   1.4877171e-02   1.7417502e-02   1.7801029e-02
   1.0400000e+02   8.8940319e-03   1.4734861e-02   1.7251318e-02   1.7631251e-02
   1.0500000e+02   8.8092657e-03   1.4595248e-02   1.7088274e-02   1.7464680e-02
   1.0600000e+02   8.7261000e-03   1.4458255e-02   1.6928284e-02   1.7301228e-02
   1.0700000e+02   8.6444900e-03   1.4323810e-02   1.6771261e-02   1.7140806e-02
   1.0800000e+02   8.5643922e-03   1.4191842e-02   1.6617125e-02   1.6983333e-02
   1.0900000e+02   8.4857652e-03   1.4062284e-02   1.6465796e-02   1.6828726e-02
   1.1000000e+02   8.4085688e-03   1.3935070e-02   1.6317199e-02   1.6676909e-02
   1.1100000e+02   8.3327642e-03   1.3810137e-02   1.6171259e-02   1.6527806e-02
   1.1200000e+02   8.2583142e-03   1.3687425e-02   1.6027907e-02   1.6381346e-02
   1.1300000e+02   8.1851828e-03   1.3566873e-02   1.5887075e-02   1.6237459e-02
   1.1400000e+02   8.1133353e-03   1.3448427e-02   1.5748695e-02   1.6096078e-02
   1.1500000e+02   8.0427381e-03   1.3332031e-02   1.5612706e-02   1.5957137e-02
   1.1600000e+02   7.9733588e-03   1.3217633e-02   1.5479044e-02   1.5820575e-02
   1.1700000e+02   7.9051664e-03   1.3105181e-02   1.5347652e-02   1.5686330e-02
   1.1800000e+02   7.8381304e-03   1.2994626e-02   1.5218472e-02   1.5554344e-02
   1.1900000e+02   7.7722219e-03   1.2885921e-02   1.5091448e-02   1.5424561e-02
   1.2000000e+02   7.7074125e-03   1.2779020e-02   1.4966528e-02   1.5296925e-02
   1.2100000e+02   7.6436750e-03   1.2673878e-02   1.4843658e-02   1.5171385e-02
   1.2200000e+02   7.5809830e-03   1.2570452e-02   1.4722789e-02   1.5047888e-02
   1.2300000e+02   7.5193110e-03   1.2468700e-02   1.4603873e-02   1.4926386e-02
   1.2400000e+02   7.4586344e-03   1.2368582e-02   1.4486862e-02   1.4806830e-02
   1.2500000e+02   7.3989292e-03   1.2270060e-02   1.4371712e-02   1.4689174e-02
   1.2600000e+02   7.3401722e-03   1.2173094e-02   1.4258377e-02   1.4573373e-02
   1.2700000e+02   7.2823411e-03   1.2077649e-02   1.4146817e-02   1.4459384e-02
   1.2800000e+02   7.2254141e-03   1.1983689e-02   1.4036988e-02   1.4347164e-02
   1.2900000e+02   7.1693703e-03   1.1891180e-02   1.3928851e-02   1.4236673e-02
   1.3000000e+02   7.1141892e-03   1.1800088e-02   1.3822368e-02   1.4127870e-02
   1.3100000e+02   7.0598510e-03   1.1710381e-02   1.3717501e-02   1.4020718e-02
   1.3200000e+02   7.0063366e-03   1.1622027e-02   1.3614213e-02   1.3915179e-02
   1.3300000e+02   6.9536274e-03   1.1534997e-02   1.3512468e-02   1.3811217e-02
   1.3400000e+02   6.9017053e-03   1.1449261e-02   1.3412234e-02   1.3708796e-02
   1.3500000e+02   6.8505529e-03   1.1364790e-02   1.3313475e-02   1.3607884e-02
   1.3600000e+02   6.8001531e-03   1.1281556e-02   1.3216160e-02   1.3508447e-02
   1.3700000e+02   6.7504895e-03   1.1199532e-02   1.3120257e-02   1.3410452e-02
   1.3800000e+02   6.7015461e-03   1.1118693e-02   1.3025736e-02   1.3313869e-02
   1.3900000e+02   6.6533072e-03   1.1039012e-02   1.2932568e-02   1.3218667e-02
   1.4000000e+02   6.6057579e-03   1.0960465e-02   1.2840722e-02   1.3124816e-02
   1.4100000e+02   6.5588834e-03   1.0883028e-02   1.2750172e-02   1.3032290e-02
   1.4200000e+02   6.5126694e-03   1.0806677e-02   1.2660890e-02   1.2941058e-02
   1.4300000e+02   6.4671022e-03   1.0731391e-02   1.2572850e-02   1.2851095e-02
   1.4400000e+02   6.4221681e-03   1.0657146e-02   1.2486026e-02   1.2762374e-02
   1.4500000e+02   6.3778542e-03   1.0583921e-02   1.2400393e-02   1.2674870e-02
   1.4600000e+02   6.3341476e-03   1.0511696e-02   1.2315926e-02   1.2588557e-02
   1.4700000e+02   6.2910359e-03   1.0440450e-02   1.2232602e-02   1.2503412e-02
   1.4800000e+02   6.2485072e-03   1.0370163e-02   1.2150398e-02   1.2419412e-02
   1.4900000e+02   6.2065496e-03   1.0300816e-02   1.2069292e-02   1.2336532e-02
   1.5000000e+02   6.1651517e-03   1.0232390e-02   1.1989261e-02   1.2254751e-02
   1.5100000e+02   6.1243024e-03   1.0164868e-02   1.1910285e-02   1.2174047e-02
   1.5200000e+02   6.0839909e-03   1.0098230e-02   1.1832342e-02   1.2094399e-02
   1.5300000e+02   6.0442065e-03   1.0032461e-02   1.1755413e-02   1.2015787e-02
   1.5400000e+02   6.0049391e-03   9.9675431e-03   1.1679477e-02   1.1938190e-02
   1.5500000e+02   5.9661787e-03   9.9034598e-03   1.1604517e-02   1.1861589e-02
   1.5600000e+02   5.9279154e-03   9.8401952e-03   1.1530512e-02   1.1785965e-02
   1.5700000e+02   5.8901397e-03   9.7777338e-03   1.1457445e-02   1.1711298e-02
   1.5800000e+02   5.8528425e-03   9.7160603e-03   1.1385299e-02   1.1637572e-02
   1.5900000e+02   5.8160146e-03   9.6551600e-03   1.1314055e-02   1.1564768e-02
   1.6000000e+02   5.7796473e-03   9.5950183e-03   1.1243698e-02   1.1492870e-02
   1.6100000e+02   5.7437320e-03   9.5356213e-03   1.1174210e-02   1.1421860e-02
   1.6200000e+02   5.7082603e-03   9.4769551e-03   1.1105576e-02   1.1351722e-02
   1.6300000e+02   5.6732240e-03   9.4190064e-03   1.1037779e-02   1.1282440e-02
   1.6400000e+02   5.6386152e-03   9.3617621e-03   1.0970806e-02   1.1213999e-02
   1.6500000e+02   5.6044261e-03   9.3052093e-03   1.0904640e-02   1.1146383e-02
   1.6600000e+02   5.5706491e-03   9.2493357e-03   1.0839268e-02   1.1079578e-02
   1.6700000e+02   5.5372768e-03   9.1941291e-03   1.0774675e-02   1.1013568e-02
   1.6800000e+02   5.5043020e-03   9.1395776e-03   1.0710847e-02   1.0948341e-02
   1.6900000e+02   5.4717176e-03   9.0856696e-03   1.0647770e-02   1.0883882e-02
   1.7000000e+02   5.4395166e-03   9.0323939e-03   1.0585433e-02   1.0820177e-02
   1.7100000e+02   5.4076925e-03   8.9797392e-03   1.0523821e-02   1.0757213e-02
   1.7200000e+02   5.3762386e-03   8.9276950e-03   1.0462922e-02   1.0694978e-02
   1.7300000e+02   5.3451485e-03   8.8762505e-03   1.0402724e-02   1.0633460e-02
   1.7400000e+02   5.3144159e-03   8.8253955e-03   1.0343214e-02   1.0572644e-02
   1.7500000e+02   5.2840346e-03   8.7751199e-03   1.0284382e-02   1.0512521e-02
   1.7600000e+02   5.2539988e-03   8.7254139e-03   1.0226215e-02   1.0453077e-02
   1.7700000e+02   5.2243025e-03   8.6762678e-03   1.0168702e-02   1.0394302e-02
   1.7800000e+02   5.1949400e-03   8.6276722e-03   1.0111833e-02   1.0336184e-02
   1.7900000e+02   5.1659057e-03   8.5796180e-03   1.0055596e-02   1.0278713e-02
   1.8000000e+02   5.1371941e-03   8.5320961e-03   9.9999814e-03   1.0221877e-02
   1.8100000e+02   5.1088000e-03   8.4850978e-03   9.9449785e-03   1.0165666e-02
   1.8200000e+02   5.0807180e-03   8.4386144e-03   9.8905773e-03   1.0110070e-02
   1.8300000e+02   5.0529430e-03   8.3926375e-03   9.8367680e-03   1.0055078e-02
   1.8400000e+02   5.0254700e-03   8.3471589e-03   9.7835411e-03   1.0000682e-02
   1.8500000e+02   4.9982942e-03   8.3021705e-03   9.7308871e-03   9.9468711e-03
   1.8600000e+02   4.9714107e-03   8.2576645e-03   9.6787968e-03   9.8936361e-03
   1.8700000e+02   4.9448149e-03   8.2136331e-03   9.6272612e-03   9.8409680e-03
   1.8800000e+02   4.9185021e-03   8.1700688e-03   9.5762715e-03   9.7888576e-03
   1.8900000e+02   4.8924678e-03   8.1269641e-03   9.5258191e-03   9.7372962e-03
   1.9000000e+02   4.8667077e-03   8.0843119e-03   9.4758956e-03   9.6862752e-03
   1.9100000e+02   4.8412175e-03   8.0421051e-03   9.4264926e-03   9.6357860e-03
   1.9200000e+02   4.8159929e-03   8.0003367e-03   9.3776020e-03   9.5858205e-03
   1.9300000e+02   4.7910298e-03   7.9589999e-03   9.3292160e-03   9.5363705e-03
   1.9400000e+02   4.7663241e-03   7.9180881e-03   9.2813267e-03   9.4874280e-03
   1.9500000e+02   4.7418719e-03   7.8775947e-03   9.2339266e-03   9.4389853e-03
   1.9600000e+02   4.7176693e-03   7.8375134e-03   9.1870082e-03   9.3910348e-03
   1.9700000e+02   4.6937126e-03   7.7978379e-03   9.1405641e-03   9.3435691e-03
   1.9800000e+02   4.6699979e-03   7.7585621e-03   9.0945873e-03   9.2965807e-03
   1.9900000e+02   4.6465216e-03   7.7196799e-03   9.0490707e-03   9.2500626e-03
   2.0000000e+02   4.6232802e-03   7.6811855e-03   9.0040074e-03   9.2040077e-03
   2.0100000e+02   4.6002702e-03   7.6430731e-03   8.9593907e-03   9.1584091e-03
   2.0200000e+02   4.5774880e-03   7.6053371e-03   8.9152140e-03   9.1132602e-03
   2.0300000e+02   4.5549304e-03   7.5679718e-03   8.8714709e-03   9.0685541e-03
   2.0400000e+02   4.5325940e-03   7.5309719e-03   8.8281548e-03   9.0242846e-03
   2.0500000e+02   4.5104756e-03   7.4943320e-03   8.7852597e-03   8.9804452e-03
   2.0600000e+02   4.4885721e-03   7.4580470e-03   8.7427795e-03   8.9370297e-03
   2.0700000e+02   4.4668802e-03   7.4221116e-03   8.7007081e-03   8.8940319e-03
   2.0800000e+02   4.4453970e-03   7.3865208e-03   8.6590396e-03   8.8514459e-03
   2.0900000e+02   4.4241195e-03   7.3512697e-03   8.6177684e-03   8.8092657e-03
   2.1000000e+02   4.4030446e-03   7.3163535e-03   8.5768887e-03   8.7674857e-03
   2.1100000e+02   4.3821696e-03   7.2817674e-03   8.5363950e-03   8.7261000e-03
   2.1200000e+02   4.3614916e-03   7.2475068e-03   8.4962819e-03   8.6851033e-03
   2.1300000e+02   4.3410079e-03   7.2135671e-03   8.4565440e-03   8.6444900e-03
   2.1400000e+02   4.3207156e-03   7.1799437e-03   8.4171761e-03   8.6042547e-03
   2.1500000e+02   4.3006122e-03   7.1466323e-03   8.3781730e-03   8.5643923e-03
   2.1600000e+02   4.2806950e-03   7.1136286e-03   8.3395298e-03   8.5248975e-03
   2.1700000e+02   4.2609614e-03   7.0809284e-03   8.3012413e-03   8.4857653e-03
   2.1800000e+02   4.2414089e-03   7.0485274e-03   8.2633029e-03   8.4469907e-03
   2.1900000e+02   4.2220350e-03   7.0164215e-03   8.2257096e-03   8.4085688e-03
   2.2000000e+02   4.2028374e-03   6.9846068e-03   8.1884569e-03   8.3704949e-03
   2.2100000e+02   4.1838135e-03   6.9530794e-03   8.1515400e-03   8.3327643e-03
   2.2200000e+02   4.1649610e-03   6.9218353e-03   8.1149545e-03   8.2953722e-03
   2.2300000e+02   4.1462778e-03   6.8908707e-03   8.0786960e-03   8.2583142e-03
   2.2400000e+02   4.1277613e-03   6.8601819e-03   8.0427600e-03   8.2215859e-03
   2.2500000e+02   4.1094095e-03   6.8297652e-03   8.0071423e-03   8.1851828e-03
   2.2600000e+02   4.0912202e-03   6.7996171e-03   7.9718387e-03   8.1491007e-03
   2.2700000e+02   4.0731912e-03   6.7697340e-03   7.9368451e-03   8.1133353e-03
   2.2800000e+02   4.0553204e-03   6.7401124e-03   7.9021573e-03   8.0778824e-03
   2.2900000e+02   4.0376057e-03   6.7107489e-03   7.8677714e-03   8.0427381e-03
   2.3000000e+02   4.0200451e-03   6.6816401e-03   7.8336835e-03   8.0078982e-03
   2.3100000e+02   4.0026366e-03   6.6527827e-03   7.7998896e-03   7.9733588e-03
   2.3200000e+02   3.9853783e-03   6.6241736e-03   7.7663861e-03   7.9391161e-03
   2.3300000e+02   3.9682681e-03   6.5958094e-03   7.7331692e-03   7.9051663e-03
   2.3400000e+02   3.9513042e-03   6.5676872e-03   7.7002352e-03   7.8715056e-03
   2.3500000e+02   3.9344847e-03   6.5398037e-03   7.6675805e-03   7.8381304e-03
   2.3600000e+02   3.9178078e-03   6.5121559e-03   7.6352016e-03   7.8050370e-03
   2.3700000e+02   3.9012717e-03   6.4847410e-03   7.6030951e-03   7.7722218e-03
   2.3800000e+02   3.8848746e-03   6.4575559e-03   7.5712574e-03   7.7396815e-03
   2.3900000e+02   3.8686147e-03   6.4305978e-03   7.5396852e-03   7.7074124e-03
   2.4000000e+02   3.8524904e-03   6.4038638e-03   7.5083753e-03   7.6754114e-03
   2.4100000e+02   3.8365000e-03   6.3773512e-03   7.4773243e-03   7.6436750e-03
   2.4200000e+02   3.8206417e-03   6.3510572e-03   7.4465291e-03   7.6121999e-03
   2.4300000e+02   3.8049140e-03   6.3249792e-03   7.4159865e-03   7.5809830e-03
   2.4400000e+02   3.7893152e-03   6.2991144e-03   7.3856935e-03   7.5500210e-03
   2.4500000e+02   3.7738439e-03   6.2734603e-03   7.3556469e-03   7.5193110e-03
   2.4600000e+02   3.7584983e-03   6.2480144e-03   7.3258438e-03   7.4888498e-03
   2.4700000e+02   3.7432771e-03   6.2227740e-03   7.2962812e-03   7.4586344e-03
   2.4800000e+02   3.7281786e-03   6.1977367e-03   7.2669563e-03   7.4286618e-03
   2.4900000e+02   3.7132014e-03   6.1729001e-03   7.2378661e-03   7.3989292e-03
   2.5000000e+02   3.6983441e-03   6.1482617e-03   7.2090079e-03   7.3694336e-03
